%YAML:1.0
first_ref_ObjPoints: [ 7.12635946e+000, 7.40865898e+000, 3.05788469e+000,
    6.02892065e+000, 2.10552788e+000, -2.26157689e+000, 6.33494234e+000,
    4.00371075e+000, 1.27076590e+000, 1.32533283e+001, 1.20364418e+001,
    6.08773232e+000, 6.21723032e+000, 4.60265779e+000, 5.81152141e-001,
    6.49564266e+000, 4.40313673e+000, 5.35916519e+000, 6.32884121e+000,
    4.92165184e+000, 1.23775554e+000, 6.41425705e+000, 5.30523205e+000,
    3.53470230e+000, 7.41896200e+000, 7.32952976e+000, 4.27554703e+000,
    6.02788925e+000, 2.54942012e+000, 3.62060952e+000, 1.00214605e+001,
    9.75080299e+000, 6.72489262e+000, 5.83640671e+000, 2.30979490e+000,
    -5.86454451e-001, 5.42669344e+000, 5.10778785e-001, 3.58725810e+000,
    6.39036083e+000, 5.61842632e+000, 2.09668422e+000, 6.38107395e+000,
    4.98475456e+000, 2.66315579e+000, 7.63645315e+000, 8.31429195e+000,
    2.75258207e+000, 6.41308212e+000, 6.35641479e+000, 1.35459721e+000,
    6.32541037e+000, -3.38452399e-001, 1.71564376e+000, 5.83399010e+000,
    -3.50900590e-001, 2.79811549e+000, 6.07932138e+000, 1.68802655e+000,
    3.63935208e+000, 1.01801548e+001, 9.80908108e+000, 6.14326668e+000,
    1.01721678e+001, 9.78326607e+000, 3.70657349e+000, 6.70384121e+000,
    6.69554758e+000, 2.60295677e+000, 6.84444666e+000, 6.56842756e+000,
    3.47368407e+000, 5.89642859e+000, 3.73572421e+000, 4.71797371e+000,
    8.91592312e+000, 9.41705132e+000, 2.56586361e+000, 6.15501213e+000,
    9.08338487e-001, 3.45392895e+000, 8.86413097e+000, 8.25134563e+000,
    6.86001587e+000, 6.29022646e+000, 4.39398766e+000, 3.70097899e+000,
    9.35546589e+000, 9.05346203e+000, 5.76795387e+000, 6.95771122e+000,
    6.15245104e+000, 4.62769794e+000, 1.02120047e+001, 9.69199085e+000,
    4.31917048e+000, 9.58297825e+000, 9.29558468e+000, 7.12094736e+000,
    6.48853874e+000, 6.03067017e+000, 2.45619893e+000, 6.13882446e+000,
    2.96320724e+000, 3.41037202e+000, 6.35168648e+000, 2.75000310e+000,
    9.50171053e-001, 6.08905983e+000, 2.02885985e-001, 3.25871944e+000,
    6.34340429e+000, 5.33712578e+000, 1.45190883e+000, 6.24865484e+000,
    3.87369061e+000, 8.87930334e-001, 6.46044493e+000, 2.16446900e+000,
    8.42002630e-001, 5.74955273e+000, 2.34521770e+000, -1.32145858e+000,
    6.39963531e+000, 5.92945099e+000, 1.80854082e+000, 9.10030079e+000,
    8.78149319e+000, 5.89406109e+000, 5.71996832e+000, 2.09535241e+000,
    3.93695402e+000, 5.93815851e+000, 2.51565599e+000, 4.10279371e-002,
    6.01244259e+000, 7.77584910e-001, 2.19832316e-001, 6.33386469e+000,
    4.47355938e+000, 2.26058483e+000, 6.98768902e+000, 1.75166750e+000,
    2.69314241e+000, 1.35208054e+001, 1.18187103e+001, 5.85161209e+000,
    9.46531677e+000, 9.10910320e+000, 7.41780281e+000, 6.32414770e+000,
    4.01458836e+000, 2.42769313e+000, 9.65364933e+000, 9.41421413e+000,
    6.80878544e+000, 9.96568203e+000, 9.58857822e+000, 4.83903074e+000,
    9.95161629e+000, 1.00520945e+001, 7.79299450e+000, 6.46494484e+000,
    3.14253092e+000, 1.42841113e+000, 6.25915813e+000, -4.00680870e-001,
    2.17410278e+000, 5.84593773e+000, 2.54636478e+000, -1.64437830e+000,
    8.60171032e+000, 9.10591698e+000, 3.26386118e+000, 6.33773565e+000,
    4.53604031e+000, 1.83151770e+000, 6.93498993e+000, 6.89192009e+000,
    3.28413463e+000, 9.44267273e+000, 9.08627796e+000, 6.77879333e+000,
    7.07829380e+000, 1.20671248e+000, 2.82642579e+000, 6.16159439e+000,
    4.02822971e+000, 5.20015776e-001, 5.96370935e+000, 3.75105953e+000,
    -5.73430434e-002, 5.82115889e+000, 2.07282257e+000, -1.76630342e+000,
    6.12952185e+000, 3.49569750e+000, 5.90504050e-001, 6.25836086e+000,
    3.58319831e+000, 9.58629608e-001, 5.91077900e+000, 2.73162198e+000,
    -1.90465963e+000, 5.77159357e+000, 1.82010472e+000, -7.20852017e-001,
    6.61881638e+000, 5.76746130e+000, 3.93652773e+000, 5.83927584e+000,
    3.34568977e+000, -1.14744973e+000, 6.22381592e+000, 3.41250944e+000,
    3.08994746e+000, 6.27264118e+000, 4.21574783e+000, 9.66159582e-001,
    6.29462814e+000, 3.38504624e+000, 2.74921608e+000, 5.97621059e+000,
    3.89597583e+000, 4.19529963e+000, 1.44112425e+001, 1.11450415e+001,
    3.51981378e+000, 6.55932140e+000, 7.00204563e+000, -1.07991748e-001,
    6.31392956e+000, 6.14117479e+000, 4.85840999e-002, 6.06227636e+000,
    4.20392084e+000, -2.81698585e-001, 6.30281687e+000, 5.68460321e+000,
    -1.02830541e+000, 6.37975693e+000, 6.50835848e+000, -1.05047353e-001,
    6.09628010e+000, 4.39442396e+000, -5.67459345e-001, 6.47574234e+000,
    6.52441788e+000, -5.84110379e-001, 7.08981085e+000, 7.84550667e+000,
    1.05828285e+000, 5.90006828e+000, 3.53299212e+000, -1.55898964e+000,
    6.34766006e+000, 6.24129057e+000, 4.37141448e-001, 7.30412197e+000,
    8.23395443e+000, 1.28635335e+000, 9.62675762e+000, 9.80076218e+000,
    1.87557042e+000, 8.65955639e+000, 9.32114506e+000, 2.14461064e+000,
    6.15097380e+000, 3.23939562e+000, -2.65283394e+000, 6.71198368e+000,
    7.24911690e+000, 9.42763746e-001, 5.94115496e+000, 3.74623108e+000,
    -1.87380052e+000, 8.22521400e+000, 8.94949627e+000, -2.51370162e-001,
    1.45428877e+001, 1.14473467e+001, 2.62900257e+000, 1.46572952e+001,
    1.23744593e+001, 1.39546776e+000, 1.46355858e+001, 1.26389008e+001,
    8.45230937e-001, 1.36964931e+001, 1.03025446e+001, 2.95078605e-001,
    1.34587965e+001, 9.87188911e+000, 2.09836221e+000, 8.21822262e+000,
    9.01139069e+000, -1.94183230e-001, 8.82301331e+000, 6.65090322e-001,
    -7.61879158e+000, 8.59907055e+000, 6.58893108e+000, -4.86556244e+000,
    7.75118732e+000, 8.67028999e+000, 4.86492544e-001, 6.33370256e+000,
    4.43695021e+000, -2.85350847e+000, 1.01433239e+001, 6.13115311e-001,
    -1.07054672e+001, 1.05792475e+001, 9.61241341e+000, -1.20803881e+000,
    1.38947105e+001, 1.11302528e+001, -8.67179573e-001, 6.60698748e+000,
    5.26553631e+000, -2.82732272e+000, 1.14918242e+001, 3.87312341e+000,
    -9.07722092e+000, 1.57763100e+001, 1.04686794e+001, -5.78061819e+000,
    1.37895069e+001, 1.08569803e+001, -6.05389953e-001, 7.00774050e+000,
    4.08282471e+000, -4.96054602e+000, 9.98444843e+000, 1.29608607e+000,
    -9.72202206e+000, 1.05984879e+001, 2.63611102e+000, -1.03235512e+001,
    7.12507343e+000, 6.51308298e+000, -2.75877571e+000, 1.55236549e+001,
    1.16519413e+001, -4.91363859e+000, 1.45489655e+001, 1.26493559e+001,
    -2.84419298e-001, 1.44375772e+001, 1.28430138e+001, -1.30657959e+000,
    1.39909868e+001, 1.08176708e+001, 5.05722426e-002, 1.42087936e+001,
    1.13073692e+001, -2.09213734e+000, 1.52852535e+001, 8.42669773e+000,
    -5.43938398e+000, 9.96751404e+000, 2.21268368e+000, -8.84032154e+000,
    1.49334021e+001, 1.22079382e+001, -3.61788416e+000, 1.45768204e+001,
    1.35625858e+001, -2.24109381e-001, 7.28373289e+000, 5.34711981e+000,
    -4.41485643e+000, 9.65646935e+000, 9.68164825e+000, -2.18916461e-001,
    7.54318047e+000, 6.13779974e+000, -3.92265487e+000, 1.44955883e+001,
    1.27621717e+001, -2.12382293e+000, 7.39556932e+000, 7.75941515e+000,
    -1.27177894e+000, 1.54608850e+001, 1.01287498e+001, -4.60535479e+000,
    1.42856617e+001, 1.22636681e+001, -1.90180731e+000, 1.45609627e+001,
    1.35360708e+001, -6.02411330e-001, 6.79184484e+000, 5.63775015e+000,
    -2.97673297e+000, 1.54497471e+001, 8.11609077e+000, -7.05314398e+000,
    1.41228762e+001, 1.19286623e+001, -1.50741994e+000, 1.54615211e+001,
    9.02237797e+000, -5.05787754e+000, 1.45330715e+001, 1.39322519e+001,
    -5.53770244e-001, 1.23303089e+001, 9.94630718e+000, -1.19304907e+000,
    1.47476387e+001, 1.24074802e+001, -3.30295038e+000, 1.39861288e+001,
    1.64119854e+001, -2.27468729e+000, 1.46610441e+001, 1.27923822e+001,
    -2.82892060e+000, 1.41348829e+001, 1.58333216e+001, -2.90559673e+000,
    1.46367226e+001, 1.35103769e+001, 4.18917805e-001, 1.38455343e+001,
    9.88766479e+000, -2.24246788e+000, 1.48916702e+001, 1.30127859e+001,
    -3.48113441e+000, 1.40997953e+001, 1.57908154e+001, -1.32472444e+000,
    1.42188520e+001, 1.54732971e+001, 1.63314328e-001, 1.44886808e+001,
