%YAML:1.0
first_ref_ObjPoints: [ 2.26702476e+000, -2.43456864e+000,
    -6.83410108e-001, 6.61249161e+000, 5.25493097e+000, -2.73585606e+000,
    3.33398557e+000, -1.72683311e+000, 1.38669145e+000, 1.02027054e+001,
    1.05956068e+001, 8.10279369e+000, 5.22848988e+000, 2.55714250e+000,
    5.20186138e+000, 7.42699671e+000, 7.84537363e+000, -1.14330363e+000,
    9.84383965e+000, 9.64548492e+000, -4.68946785e-001, 6.34700966e+000,
    -2.52722573e+000, -4.81278992e+000, 3.92580938e+000,
    -1.31135881e+000, 1.73346674e+000, 6.01341343e+000, -1.79263577e-001,
    3.04287148e+000, 2.01978350e+000, -2.24476624e+000, 1.30497003e+000,
    5.69320726e+000, 3.01221156e+000, 5.29467297e+000, 6.37121916e+000,
    3.71323586e+000, 1.21881545e+000, 5.14962673e+000, 2.53575635e+000,
    6.21993637e+000, 8.04919624e+000, 8.87162876e+000, -1.33348644e-001,
    9.90549469e+000, 9.52870178e+000, 5.14172411e+000, 9.57172585e+000,
    9.05716419e+000, 7.97392464e+000, 6.61909819e+000, 7.03614235e+000,
    2.21184000e-001, 1.79805708e+000, -2.80047846e+000, -2.13145995e+000,
    1.44027262e+001, 1.22726202e+001, 4.72396231e+000, 7.19113445e+000,
    4.88254499e+000, -4.58750534e+000, 4.78017569e+000, -9.00163591e-001,
    1.80658591e+000, 7.17805433e+000, 7.37847900e+000, -1.55970871e+000,
    6.43621778e+000, 4.97887135e+000, -2.32991219e+000, 1.11622639e+001,
    9.87783432e+000, 5.42079687e-001, 1.24899521e+001, 1.01022625e+001,
    4.79680634e+000, 2.63034296e+000, -2.28667045e+000, -1.01559556e+000,
    1.08274517e+001, 1.02954578e+001, 5.94512224e+000, 1.45048218e+001,
    1.17249174e+001, 4.17511892e+000, 1.45161266e+001, 1.20086470e+001,
    4.38322687e+000, 1.17045698e+001, 1.11932335e+001, 6.40649319e+000,
    6.02479696e+000, 3.53095841e+000, 3.94594049e+000, 8.02217674e+000,
    7.76289272e+000, -2.40588522e+000, 7.51647043e+000, 7.56539011e+000,
    -1.89083028e+000, 1.12801399e+001, 9.76135826e+000, 3.98503280e+000,
    9.02497196e+000, 7.60470867e+000, 8.30863094e+000, 3.13799810e+000,
    -1.85135734e+000, -1.20588458e+000, 6.97634459e+000, 7.58394003e+000,
    7.28135765e-001, 5.91749191e+000, 3.41499066e+000, 5.61446190e+000,
    4.68100882e+000, -2.89866590e+000, -4.96831036e+000, 6.59494352e+000,
    4.77074862e+000, -3.27749968e+000, 6.15264320e+000, 4.76010323e+000,
    -8.79118085e-001, 1.07396259e+001, 9.76151943e+000, 3.96675277e+000,
    6.97065783e+000, 6.35387468e+000, -2.48149586e+000, 1.11809855e+001,
    1.03113775e+001, 5.64581156e+000, 2.11321616e+000, -2.42035151e+000,
    1.68699488e-001, 5.89700556e+000, -3.22750181e-001, -2.38806748e+000,
    7.75144863e+000, -1.87241530e+000, -5.79559422e+000, 6.58345890e+000,
    6.73909378e+000, -8.47443640e-001, 1.29233837e+001, 9.67950344e+000,
    1.75781679e+000, 1.02876015e+001, 1.08934193e+001, 8.87475777e+000,
    8.46834469e+000, 9.25976276e+000, 1.17488813e+000, 6.32912397e+000,
    3.47202301e+000, -3.13722110e+000, 9.52183723e+000, 8.64549446e+000,
    8.90055275e+000, 7.99828100e+000, 8.49579334e+000, -9.42506254e-001,
    6.96267128e+000, 5.62321138e+000, -3.23157787e+000, 1.14752569e+001,
    1.02518911e+001, 5.34084749e+000, 1.10235062e+001, 1.00710564e+001,
    5.19778776e+000, 6.02385521e+000, 3.32876420e+000, -1.93444657e+000,
    6.17050600e+000, 8.66515696e-001, -2.38230181e+000, 2.82512498e+000,
    -2.11287045e+000, -5.78330576e-001, 8.66693497e+000, 9.16339016e+000,
    -3.15738916e-001, 7.89672804e+000, -2.11999583e+000,
    -8.92159843e+000, 1.02966118e+001, 1.25412054e+001, 8.25834560e+000,
    3.78467965e+000, -1.30010819e+000, 2.18426943e+000, 5.49857855e+000,
    -9.31512594e-001, 1.62634957e+000, 5.32315111e+000, -6.11857355e-001,
    5.19769549e-001, 1.20326853e+001, 1.03950043e+001, 5.34041691e+000,
    1.25359182e+001, 9.64505672e+000, 3.15494609e+000, 9.77165031e+000,
    9.32546902e+000, 8.33822536e+000, 7.01817894e+000, -2.71531177e+000,
    -7.06484127e+000, 1.12927256e+001, 1.19367552e+001, 6.97720766e+000,
    1.23202810e+001, 1.24986029e+001, 6.57801867e+000, 7.17079449e+000,
    6.91285086e+000, -2.27491379e+000, 6.40256405e+000, 5.82508230e+000,
    -1.23085761e+000, 1.27967501e+001, 9.64893150e+000, 2.53131247e+000,
    7.71707249e+000, 8.58976746e+000, 8.11625570e-002, 3.97655940e+000,
    -2.77635407e+000, -4.42575836e+000, 1.18702316e+001, 9.79970455e+000,
    -1.07228734e-001, 7.43666029e+000, -2.32054687e+000,
    -6.76101398e+000, 2.69032383e+000, -2.08740664e+000, 9.94218946e-001,
    1.03838549e+001, 1.21351366e+001, 8.28295898e+000, 6.39505577e+000,
    -2.23304343e+000, -3.80986571e+000, 6.15281343e+000, 8.79685283e-001,
    2.77647167e-001, 6.60586977e+000, 3.67462325e+000, -4.03019428e+000,
    5.35435390e+000, 5.44479609e-001, 3.63142300e+000, 1.43087549e+001,
    1.26392584e+001, 4.85197115e+000, 4.43504286e+000, -1.64589131e+000,
    -3.40153646e+000, 7.28857803e+000, -3.14482951e+000,
    -9.93847084e+000, 6.42808151e+000, 4.67057467e+000, -2.79684711e+000,
    7.29157877e+000, 8.06109047e+000, 1.63031006e+000, 1.44080076e+001,
    1.08656540e+001, 1.87224793e+000, 7.07266665e+000, -2.49778819e+000,
    -6.40974951e+000, 6.62173700e+000, -2.65434217e+000,
    -5.98133087e+000, 6.24499559e+000, 4.18260908e+000, -2.67355657e+000,
    6.54587173e+000, 5.96950769e+000, -1.76110590e+000, 6.94311047e+000,
    4.70090342e+000, -4.26612568e+000, 4.84367180e+000, -9.09925461e-001,
    7.17121542e-001, 6.44877958e+000, -3.25479150e+000, -7.70699787e+000,
    6.18735456e+000, -2.87668586e-001, 1.07602251e+000, 8.31862450e+000,
    -5.85562587e-001, -6.72969055e+000, 6.58641481e+000,
    -2.83209777e+000, -6.52968216e+000, 1.16679659e+001, 9.78733921e+000,
    -7.02701449e-001, 9.31856346e+000, 7.49975729e+000, -4.00103951e+000,
    8.36969757e+000, 6.91425037e+000, -3.88879418e+000, 4.78468800e+000,
    -3.30926657e+000, -5.94204617e+000, 8.31092072e+000,
    -1.18586981e+000, -7.59185648e+000, 8.29687881e+000, 7.19902611e+000,
    -3.44144130e+000, 8.15298557e+000, -1.58905172e+000,
    -6.37829876e+000, 9.81857872e+000, 8.68624020e+000, -2.49804282e+000,
    8.75785351e+000, 7.18116188e+000, -4.05439425e+000, 5.78708315e+000,
    -2.71190357e+000, -4.99387836e+000, 9.01598358e+000, 7.01244545e+000,
    -4.54806709e+000, 7.04587364e+000, -2.88128853e+000,
    -7.78581047e+000, 6.95509195e+000, -3.26930809e+000,
    -9.04314518e+000, 8.36816311e+000, 6.23106050e+000, -5.07171583e+000,
    1.33652563e+001, 1.00607653e+001, 3.34242344e-001, 1.12746563e+001,
    8.81987095e+000, -2.85552502e+000, 1.25636568e+001, 9.95658970e+000,
    -6.89287305e-001, 9.13728428e+000, 8.21364975e+000, -2.76458383e+000,
    1.44439011e+001, 1.20496216e+001, -3.35326314e-001, 1.02178001e+001,
    8.99776649e+000, -2.16264296e+000, 7.30202818e+000, -2.89311790e+000,
    -8.80211544e+000, 1.39113293e+001, 1.07277374e+001, -2.04601479e+000,
    1.40688734e+001, 1.08971529e+001, -2.24360085e+000, 1.46141844e+001,
    1.37004499e+001, 2.26075459e+000, 1.33833370e+001, 1.05642271e+001,
    -1.33918476e+000, 1.44444180e+001, 1.11450882e+001, 9.52839553e-001,
    1.45821180e+001, 8.84865475e+000, -2.78481913e+000, 1.43506718e+001,
    1.23319540e+001, -8.65010083e-001, 1.36469736e+001, 1.09333191e+001,
    -1.50698853e+000, 1.13066530e+001, 7.00443840e+000, -4.98101568e+000,
    1.42941408e+001, 1.23031435e+001, -1.78406179e+000, 1.02927055e+001,
    3.85198802e-001, -1.12654352e+001, 1.47244787e+001, 7.83301258e+000,
    -3.43126345e+000, 1.45101652e+001, 1.30146284e+001, -1.29840839e+000,
    1.08769236e+001, 2.80295181e+000, -1.09128857e+001, 1.41692286e+001,
    8.21930981e+000, -2.75228763e+000, 1.46475554e+001, 1.20596132e+001,
    -3.14581299e+000, 1.05313044e+001, -2.11610007e+000,
    -1.32733574e+001, 1.16978922e+001, 3.85203695e+000, -9.50311565e+000,
    1.03426628e+001, 1.90625036e+000, -1.03193598e+001, 1.10450745e+001,
    4.65433979e+000, -7.79442883e+000, 1.04027357e+001, -7.97891498e-001,
