%YAML:1.0
objPoints: [ 6.79105806e+000, 5.91736507e+000, 3.71384382e+000,
    1.34535618e+001, 9.95999146e+000, 8.16296697e-001, 1.30790920e+001,
    4.25194502e+000, -8.73538685e+000, 8.09638309e+000, -1.50309563e+000,
    -5.27049589e+000 ]
