%YAML:1.0
realImagePoints: [ 184., 50., 91., 146., 221., 230., 269., 160. ]
