%YAML:1.0
virtualImagePoints: [ 116., 107., 64., 157., 135., 228., 184., 177. ]
