%YAML:1.0
objPoints: [ 6.49522924e+000, 4.94442797e+000, 3.48530388e+000,
    1.38125982e+001, 1.00536137e+001, 1.79170179e+000, 8.16393948e+000,
    -1.58350861e+000, -5.97504759e+000, 1.32469826e+001, 4.35480547e+000,
    -8.58853436e+000 ]
