%YAML:1.0
realImagePoints: [ 185., 50., 90., 142., 270., 160., 221., 227. ]
