%YAML:1.0
virtualImagePoints: [ 117., 99., 38., 153., 193., 188., 126., 247. ]
