%YAML:1.0
objPoints: [ 6.49283028e+000, 3.65147471e+000, 1.98995411e+000,
    1.27976046e+001, 9.83011436e+000, 5.04337788e-001, 1.16091261e+001,
    3.88683343e+000, -9.12938881e+000, 8.30927944e+000, -1.16577721e+000,
    -6.23222446e+000 ]
