%YAML:1.0
objPoints: [ 6.22956085e+000, 3.50434637e+000, 3.54400754e+000,
    1.16672583e+001, 9.83446217e+000, -2.90141076e-001, 1.13776760e+001,
    4.79789400e+000, -7.70898342e+000, 8.28535461e+000, -7.37025142e-001,
    -5.98903275e+000 ]
