%YAML:1.0
objPoints: [ 6.55983782e+000, 3.35136580e+000, 2.39343309e+000,
    1.15128860e+001, 9.83585644e+000, -4.33345079e-001, 1.17475786e+001,
    4.32929277e+000, -8.47779465e+000, 8.11073208e+000, -1.36655843e+000,
    -4.58179855e+000 ]
