%YAML:1.0
objPoints: [ 7.74499083e+000, 6.52044916e+000, -3.55438161e+000,
    1.47302027e+001, 1.31569490e+001, -2.42066765e+000, 1.02347059e+001,
    3.80493569e+000, -8.26007175e+000, 8.19222736e+000, -4.73700970e-001,
    -5.75907755e+000 ]
