%YAML:1.0
objPoints: [ 6.50677586e+000, 3.47493744e+000, 1.20382071e+000,
    1.21397924e+001, 9.82511520e+000, 3.11187863e-001, 1.16568146e+001,
    4.84912062e+000, -7.68080568e+000, 8.22106838e+000, -8.26742589e-001,
    -5.28363895e+000 ]
