%YAML:1.0
objPoints: [ 6.41415167e+000, 3.65096450e+000, 2.39539671e+000,
    1.13654823e+001, 9.79095745e+000, -3.98108333e-001, 1.23407602e+001,
    4.13289309e+000, -8.83379173e+000, 8.23469734e+000, -1.50221968e+000,
    -6.35829163e+000 ]
