%YAML:1.0
objPoints: [ 6.53996658e+000, 3.75456047e+000, 1.36203551e+000,
    1.09905949e+001, 9.87949657e+000, -3.22994441e-001, 1.19416227e+001,
    5.14290428e+000, -7.31100273e+000, 8.15339947e+000, -1.65731445e-001,
    -5.84741020e+000 ]
