%YAML:1.0
objPoints: [ 6.48706102e+000, 4.03512907e+000, 2.20830441e+000,
    1.25605793e+001, 9.75959969e+000, 7.93772936e-001, 8.23641491e+000,
    -1.74716517e-001, -6.17434788e+000, 1.18658485e+001, 4.81350136e+000,
    -7.70498562e+000 ]
