%YAML:1.0
objPoints: [ 6.70293903e+000, 5.56390715e+000, 4.07684946e+000,
    1.15849819e+001, 9.84014988e+000, -2.69404292e-001, 1.24158716e+001,
    4.44981146e+000, -8.34443951e+000, 8.25279808e+000, -1.06995666e+000,
    -5.60143948e+000 ]
