%YAML:1.0
objPoints: [ 6.44765377e+000, 3.90730357e+000, 2.63283730e+000,
    1.26224480e+001, 9.79988384e+000, 4.97971356e-001, 8.33992863e+000,
    -1.29087317e+000, -6.65190697e+000, 1.20897217e+001, 4.18618488e+000,
    -8.73867226e+000 ]
