%YAML:1.0
objPoints: [ 6.49081421e+000, 3.83879066e+000, 2.42731166e+000,
    1.22383528e+001, 9.77792168e+000, 8.23290765e-001, 1.25369549e+001,
    4.48732233e+000, -8.25254631e+000, 8.13719463e+000, 2.42909312e-001,
    -6.11993504e+000 ]
