%YAML:1.0
objPoints: [ 6.56875896e+000, 2.96658635e+000, 2.88948298e+000,
    1.24198523e+001, 9.79977322e+000, 4.11530912e-001, 1.24212017e+001,
    4.53857803e+000, -8.18480968e+000, 8.25279808e+000, -1.06995666e+000,
    -5.60143948e+000 ]
