%YAML:1.0
objPoints: [ 1.24055166e+001, 9.74472904e+000, 6.34728134e-001,
    1.25430679e+001, 7.27687073e+000, -3.27397537e+000, 1.27029457e+001,
    4.57705784e+000, -7.90953112e+000, 9.82052040e+000, 1.02980173e+000,
    -9.30773926e+000, 7.82136631e+000, 9.44745362e-001, -6.02924633e+000,
    6.03286219e+000, -4.90493625e-001, 2.51440978e+000, 6.84540653e+000,
    6.58681536e+000, 3.00048661e+000, 1.00222692e+001, 9.69070733e-001,
    -9.96880341e+000, 1.31886005e+001, 3.77468657e+000, -1.36164312e+001,
    1.50467186e+001, 5.63539267e+000, -8.85241985e+000 ]
