%YAML:1.0
objPoints: [ 6.76176596e+000, 2.22136378e+000, 3.12038970e+000,
    1.23310041e+001, 9.74690819e+000, 8.84358764e-001, 1.21752014e+001,
    4.00480652e+000, -9.17617226e+000, 8.09755993e+000, -4.22626168e-001,
    -5.42863846e+000 ]
