%YAML:1.0
objPoints: [ 6.43708515e+000, 3.49834275e+000, 2.35440898e+000,
    1.07860765e+001, 9.73083401e+000, -8.17780614e-001, 7.89997768e+000,
    -1.91720939e+000, -6.51449728e+000, 1.15062771e+001, 5.24632406e+000,
    -7.18888807e+000 ]
