%YAML:1.0
objPoints: [ 6.49687529e+000, 4.06924677e+000, 2.33788848e+000,
    1.20044441e+001, 9.84509945e+000, -2.97931191e-002, 8.24931717e+000,
    -6.66856408e-001, -5.86555910e+000, 1.16686249e+001, 4.74133730e+000,
    -7.82527733e+000 ]
