%YAML:1.0
objPoints: [ 6.57129717e+000, 3.11444569e+000, 2.59116411e+000,
    1.22585745e+001, 9.84074306e+000, 3.88819464e-002, 8.27003193e+000,
    -9.47461843e-001, -5.79976988e+000, 1.24052458e+001, 4.27284670e+000,
    -8.66267586e+000 ]
