%YAML:1.0
objPoints: [ 6.50591660e+000, 2.96471834e+000, 2.97244692e+000,
    1.11232147e+001, 9.87943745e+000, -2.27050647e-001, 1.20649338e+001,
    4.64743137e+000, -7.96505833e+000, 8.29434586e+000, -3.59040082e-001,
    -6.26612473e+000 ]
