%YAML:1.0
objPoints: [ 4.02486658e+000, 1.69362831e+001, 7.47049332e+000,
    1.07720900e+001, 1.40869370e+001, 7.36909866e+000, 1.48033209e+001,
    1.34635868e+001, 1.33232594e+000, 1.54082432e+001, 1.46618776e+001,
    -6.72829580e+000, 1.63405743e+001, 1.52901106e+001, -1.24023819e+001,
    4.99862432e+000, 4.22646761e+000, 2.12932358e+001, 8.82444096e+000,
    6.27984905e+000, 8.84374905e+000, 1.03863764e+001, 9.13215351e+000,
    -2.07398343e+000, 1.52821941e+001, 7.77675629e+000, -6.46527433e+000,
    1.68796291e+001, 8.98932934e+000, -1.26925650e+001, -1.59408486e+000,
    1.96928895e+000, 1.10741682e+001, 3.96141410e+000, 9.10313606e-001,
    5.06753397e+000, 6.84027767e+000, 3.97964692e+000, -4.38893938e+000,
    1.10752153e+001, 3.46912885e+000, -9.48806000e+000, 1.41437693e+001,
    4.01146984e+000, -1.47822924e+001, -6.47474861e+000, 2.35508513e-002,
    3.76821613e+000, -1.09640884e+000, -2.79256845e+000, 1.46380395e-001,
    3.89060688e+000, -3.29159164e+000, -5.56641674e+000, 7.97320652e+000,
    -2.50961781e+000, -1.15702314e+001, 1.19480572e+001,
    -2.39730883e+000, -1.66921158e+001, -1.03110123e+001,
    -1.54774940e+000, -1.93477654e+000, -5.75973749e+000,
    -3.47458959e+000, -5.83363104e+000, -1.08265746e+000,
    -4.92548752e+000, -1.02144642e+001, 3.19790912e+000,
    -4.97442961e+000, -1.51282644e+001, 7.56315947e+000,
    -5.78810978e+000, -1.95992031e+001 ]
