%YAML:1.0
realImagePoints: [ 170., 46., 49., 103., 192., 218., 251., 143. ]
