%YAML:1.0
realImagePoints: [ 167., 48., 76., 106., 194., 191., 245., 139. ]
