%YAML:1.0
realImagePoints: [ 171., 49., 51., 105., 245., 139., 188., 214. ]
