%YAML:1.0
realImagePoints: [ 172., 51., 51., 106., 195., 217., 248., 143. ]
