%YAML:1.0
realImagePoints: [ 169., 51., 52., 108., 196., 225., 249., 142. ]
