%YAML:1.0
realImagePoints: [ 174., 51., 70., 103., 191., 200., 248., 142. ]
