%YAML:1.0
realImagePoints: [ 175., 52., 53., 103., 255., 147., 194., 222. ]
