%YAML:1.0
realImagePoints: [ 171., 56., 72., 104., 246., 134., 195., 203. ]
