%YAML:1.0
realImagePoints: [ 165., 134., 20., 185., 217., 196., 241., 130. ]
