%YAML:1.0
realImagePoints: [ 164., 45., 51., 108., 180., 209., 242., 139. ]
