%YAML:1.0
realImagePoints: [ 174., 51., 37., 95., 264., 136., 188., 203. ]
