%YAML:1.0
realImagePoints: [ 169., 51., 51., 103., 196., 217., 248., 140. ]
