%YAML:1.0
realImagePoints: [ 159., 42., 55., 104., 195., 218., 252., 142. ]
