%YAML:1.0
realImagePoints: [ 167., 52., 65., 106., 182., 193., 243., 133. ]
