%YAML:1.0
realImagePoints: [ 172., 47., 47., 106., 250., 137., 189., 216. ]
