%YAML:1.0
realImagePoints: [ 148., 14., 59., 100., 195., 214., 250., 143. ]
