%YAML:1.0
realImagePoints: [ 172., 42., 52., 107., 199., 226., 258., 148. ]
