%YAML:1.0
realImagePoints: [ 181., 53., 58., 105., 194., 215., 256., 147. ]
