%YAML:1.0
refImagePoints: [ 1.49071671e+002, 1.03927292e+002, 2.08450745e+002,
    2.11233719e+002, 2.13224701e+002, 7.21236801e+001, 7.72061310e+001,
    2.41041092e+002, 2.24677307e+002, 8.41419983e+001, 9.35899124e+001,
    2.44938034e+002, 9.05217514e+001, 2.55063202e+002, 2.57684021e+002,
    1.21462364e+002, 2.01777496e+002, 2.01849655e+002, 1.52666000e+002,
    1.45043213e+002, 2.21607513e+002, 1.95332794e+002, 9.56803360e+001,
    2.28053131e+002, 1.64143997e+002, 1.38111267e+002, 5.41751938e+001,
    1.59008331e+002, 2.14382782e+002, 8.04139709e+001, 2.58143951e+002,
    6.92638931e+001, 2.28175247e+002, 6.74748230e+001, 7.11398239e+001,
    1.86058075e+002, 8.91759338e+001, 2.37356216e+002, 5.73432770e+001,
    1.91828033e+002, 1.68207016e+002, 1.28768616e+002, 2.55995895e+002,
    8.61107025e+001, 2.00414093e+002, 2.08435837e+002, 6.47858963e+001,
    1.78799255e+002, 5.53622475e+001, 2.40047134e+002, 9.92242432e+001,
    2.35023178e+002, 9.13237610e+001, 1.88888367e+002, 2.49828949e+002,
    1.05438934e+002, 1.54882736e+002, 1.34752151e+002, 2.13444443e+002,
    1.96236755e+002, 2.06095963e+002, 1.94400482e+002, 2.12964233e+002,
    1.94009659e+002, 5.88590775e+001, 1.77275543e+002, 1.53471313e+002,
    1.31866028e+002, 1.92702438e+002, 2.05932800e+002, 6.47124329e+001,
    1.57495377e+002, 6.60337753e+001, 2.60352081e+002, 1.57160385e+002,
    1.28945068e+002, 1.66337662e+002, 1.49752228e+002, 1.47002518e+002,
    1.13001961e+002, 1.32737015e+002, 1.23360519e+002, 2.08411972e+002,
    1.90288635e+002, 1.82095612e+002, 1.69298737e+002, 1.81201782e+002,
    1.36429428e+002, 1.56412735e+002, 1.09191811e+002, 1.70712769e+002,
    1.53207687e+002, 1.83610397e+002, 1.69163376e+002, 2.12795135e+002,
    2.18239014e+002, 1.45833206e+002, 9.68428574e+001, 1.38573105e+002,
    1.61453995e+002, 1.49825439e+002, 1.52091766e+002, 8.62279053e+001,
    2.02760284e+002, 2.26743591e+002, 2.00492157e+002, 1.47071594e+002,
    1.32866287e+002, 1.98737900e+002, 1.70180298e+002, 1.50539429e+002,
    1.35812546e+002, 8.01928101e+001, 2.00217819e+002, 1.41595566e+002,
    1.47623444e+002, 7.39955750e+001, 2.02422150e+002, 1.59228195e+002,
    1.50408295e+002, 6.65091095e+001, 2.00288971e+002, 9.50338516e+001,
    2.00784393e+002, 2.38001755e+002, 7.70530167e+001, 1.49057205e+002,
    9.46180038e+001, 1.31543350e+002, 2.28305740e+002, 2.21901489e+002,
    1.85817093e+002, 2.20288513e+002, 9.73449860e+001, 2.46019165e+002,
    6.21427307e+001, 2.49085999e+002, 1.17930977e+002, 1.02095451e+002,
    2.44292572e+002, 1.42645462e+002, 1.42958176e+002, 1.73603134e+002,
    1.18852730e+002, 7.88733521e+001, 2.00500534e+002, 2.37785599e+002,
    4.97632179e+001, 1.34577072e+002, 1.52638870e+002, 1.42322189e+002,
    1.45447540e+002, 1.43434052e+002, 1.25095581e+002, 8.94783554e+001,
    2.23650879e+002, 2.41539795e+002, 7.92038269e+001, 1.12650108e+002,
    1.49977997e+002, 5.26609726e+001, 1.65732437e+002, 1.93951508e+002,
    1.50061218e+002, 1.50489456e+002, 1.68623428e+002, 1.24662659e+002,
    2.63358948e+002, 2.48432541e+002, 1.32478851e+002, 1.44891144e+002,
    1.72625778e+002, 1.62726959e+002, 1.17077576e+002, 1.41663193e+002,
    1.09566147e+002, 2.60199829e+002, 1.36222870e+002, 1.32569656e+002,
    1.55023453e+002, 2.03120621e+002, 1.89395752e+002, 1.55659729e+002,
    1.18465424e+002, 1.43760117e+002, 1.18291153e+002, 1.94547852e+002,
    1.91875977e+002, 2.11300934e+002, 1.90905090e+002, 1.42480820e+002,
    1.53651154e+002, 2.21123291e+002, 2.13296097e+002, 2.04279724e+002,
    1.65851334e+002, 2.29387283e+002, 1.51206589e+002, 1.84023788e+002,
    1.46117065e+002, 1.34115402e+002, 1.68357986e+002, 2.32580994e+002,
    1.87867050e+002, 2.39833405e+002, 1.00302582e+002, 1.88317902e+002,
    1.90833588e+002, 4.61534882e+001, 2.64304840e+002, 8.33396912e+001,
    1.70187134e+002, 2.40468262e+002, 1.97685730e+002, 1.24360710e+002,
    1.62745453e+002, 2.40716217e+002, 1.14250931e+002, 2.05846619e+002,
    1.80818604e+002, 9.86675339e+001, 1.99756805e+002, 1.90788635e+002,
    1.85329971e+002, 8.22910538e+001, 1.76783310e+002, 1.25545868e+002,
    1.68794632e+002, 1.95931976e+002, 1.76769470e+002, 1.65081329e+002,
    1.10999695e+002, 2.47425812e+002, 5.78320389e+001, 2.43714005e+002,
    5.28509750e+001, 1.26965553e+002, 2.22661407e+002, 1.76519333e+002,
    1.77411942e+002, 1.27721275e+002, 1.36268539e+002, 1.74913849e+002,
    7.79539566e+001, 1.38949356e+002, 1.44543137e+002, 7.12219925e+001,
    1.73089752e+002, 1.55580399e+002, 1.67294907e+002, 1.66060089e+002,
    2.47763794e+002, 1.24994698e+002, 1.35610916e+002, 1.22695076e+002,
    6.62404404e+001, 1.00147980e+002, 1.74207275e+002, 2.10268616e+002,
    2.26222549e+002, 9.84226913e+001, 1.60320297e+002, 1.96960114e+002,
    2.14842682e+002, 1.68572571e+002, 1.95865997e+002, 2.08343933e+002,
    4.83820953e+001, 2.11087082e+002, 2.22754929e+002, 4.26871262e+001,
    2.37839874e+002, 2.29776733e+002, 2.42450027e+002, 2.40881973e+002,
    2.66008362e+002, 1.54194748e+002, 1.62730179e+002, 1.47522079e+002,
    8.43271179e+001, 2.44314240e+002, 1.25882858e+002, 1.75506210e+002,
    1.82181015e+002, 1.97681870e+002, 1.37908173e+002, 4.89151611e+001,
    2.10796066e+002, 1.76354309e+002, 1.95595093e+002, 1.92252014e+002,
    2.11604614e+002, 2.51496368e+002, 1.49212906e+002, 2.44041733e+002,
    1.20250465e+002, 2.14672028e+002, 1.75367783e+002, 7.90247955e+001,
    1.27240547e+002, 2.16507568e+002, 2.03029480e+002, 1.32208984e+002,
    2.37984070e+002, 5.79901390e+001, 2.11157089e+002, 1.22020554e+002,
    1.08559898e+002, 1.57694916e+002, 1.83101501e+002, 2.56091461e+002,
    1.72284698e+002, 5.28894997e+001, 2.02145065e+002, 1.97842575e+002,
    6.37867317e+001, 1.72881577e+002, 1.83110962e+002, 2.28143738e+002,
    1.43535416e+002, 2.35209564e+002, 1.02848312e+002, 1.89062485e+002,
    2.09608490e+002, 1.59732208e+002, 7.60293732e+001, 5.66009941e+001,
    2.00372742e+002, 1.99797974e+002, 1.19036659e+002, 2.15255020e+002,
    1.14608589e+002, 1.65307007e+002, 1.94572556e+002, 6.02484055e+001,
    2.03969437e+002, 2.33762741e+002, 1.28341064e+002, 1.70567734e+002,
    2.05718842e+002, 1.33967178e+002, 1.76938461e+002, 1.93986725e+002,
    1.04642220e+002, 1.32317429e+002, 1.86695587e+002, 1.02944237e+002,
    2.53954895e+002, 1.40512589e+002, 2.28419525e+002, 8.97358704e+001,
    1.64736145e+002, 1.82692551e+002, 2.61926483e+002, 2.62393250e+002,
    1.50334305e+002, 2.12498306e+002, 1.01581215e+002, 8.94636002e+001,
    1.79022125e+002, 7.48770218e+001, 2.12308243e+002, 2.37280212e+002,
    1.55993240e+002, 2.02290405e+002, 2.29000763e+002, 7.36158905e+001,
    1.67013748e+002, 1.32768539e+002, 1.02824997e+002, 2.53006241e+002,
    1.90969955e+002, 2.32316803e+002, 1.06727875e+002, 1.66068253e+002,
    1.07201477e+002, 2.17845367e+002, 1.19589722e+002, 8.96610870e+001,
    1.17372826e+002, 5.00416489e+001, 2.29453400e+002, 1.72078873e+002,
    2.05790482e+002, 1.11651077e+002, 1.00970940e+002, 1.08980995e+002,
    1.00447258e+002, 1.72637390e+002, 1.87700684e+002, 1.22898895e+002,
    1.74148483e+002, 2.10624710e+002, 1.56646698e+002, 1.52349014e+002,
    1.77136200e+002, 1.64132446e+002, 8.32957764e+001, 1.19511040e+002,
    1.92396088e+002, 1.76687195e+002, 9.08769150e+001, 2.31372818e+002,
    1.98021530e+002, 2.32798874e+002, 1.07525627e+002, 2.09445099e+002,
    1.85821686e+002, 1.65609589e+002, 8.31396255e+001, 2.11910995e+002,
    1.79727890e+002, 1.31697357e+002, 1.94874344e+002, 1.30849686e+002,
    9.50403748e+001 ]
