%YAML:1.0
refImagePoints: [ 1.49071671e+002, 1.03927292e+002, 2.08450745e+002,
    2.11233719e+002, 2.13224701e+002, 7.21236801e+001, 7.72061310e+001,
    2.41041092e+002, 2.24677307e+002, 8.41419983e+001, 9.35899124e+001,
    2.44938034e+002, 9.05217514e+001, 2.55063202e+002, 2.57684021e+002,
    1.21462364e+002, 2.01777496e+002, 2.01849655e+002, 1.52666000e+002,
    1.45043213e+002, 2.21607513e+002, 1.95332794e+002, 9.56803360e+001,
    2.28053131e+002, 1.64143997e+002, 1.38111267e+002, 5.41751938e+001,
    1.59008331e+002, 2.14382782e+002, 8.04139709e+001, 2.58143951e+002,
    6.92638931e+001, 2.28175247e+002, 6.74748230e+001, 7.11398239e+001,
    1.86058075e+002, 8.91759338e+001, 2.37356216e+002, 5.73432770e+001,
    1.91828033e+002, 1.68207016e+002, 1.28768616e+002, 2.55995895e+002,
    8.61107025e+001, 2.00414093e+002, 2.08435837e+002, 6.47858963e+001,
    1.78799255e+002, 5.53622475e+001, 2.40047134e+002, 9.92242432e+001,
    2.35023178e+002, 9.13237610e+001, 1.88888367e+002, 2.49828949e+002,
    1.05438934e+002, 1.54882736e+002, 1.34752151e+002, 2.13444443e+002,
    1.96236755e+002, 2.06095963e+002, 1.94400482e+002, 2.12964233e+002,
    1.94009659e+002, 5.88590775e+001, 1.77275543e+002, 1.53471313e+002,
    1.31866028e+002, 1.92702438e+002, 2.05932800e+002, 6.47124329e+001,
    1.57495377e+002, 6.60337753e+001, 2.60352081e+002, 1.57160385e+002,
    1.28945068e+002, 1.66337662e+002, 1.49752228e+002, 1.47002518e+002,
    1.13001961e+002, 1.32737015e+002, 1.23360519e+002, 2.08411972e+002,
    1.90288635e+002, 1.82095612e+002, 1.69298737e+002, 1.81201782e+002,
    1.36429428e+002, 1.56412735e+002, 1.09191811e+002, 1.70712769e+002,
    1.53207687e+002, 1.83610397e+002, 1.69163376e+002, 2.12795135e+002,
    2.18239014e+002, 1.45833206e+002, 9.68428574e+001, 1.38573105e+002,
    1.61453995e+002, 1.49825439e+002, 1.52091766e+002, 8.62279053e+001,
    2.02760284e+002, 2.26743591e+002, 2.00492157e+002, 1.47071594e+002,
    1.32866287e+002, 1.98737900e+002, 1.70180298e+002, 1.50539429e+002,
    1.35812546e+002, 8.01928101e+001, 2.00217819e+002 ]
