%YAML:1.0
refImagePoints: [ 2.31970749e+002, 9.23400688e+000, 2.08580597e+002,
    1.29658909e+001, 2.17309525e+002, 1.69177990e+001, 1.68421738e+002,
    1.75366688e+001, 1.90326660e+002, 2.12145863e+001, 8.19133663e+000,
    2.58448772e+001, 4.32064209e+001, 3.78085938e+001, 2.18647614e+002,
    8.80302429e+001, 2.28106842e+002, 1.03016174e+002, 1.60182877e+002,
    1.13844879e+002, 9.27792130e+001, 1.23978081e+002, 1.52798996e+002,
    1.35557724e+002, 2.53052643e+002, 1.36814758e+002, 8.70170517e+001,
    1.49288803e+002, 8.70170517e+001, 1.49288803e+002, 1.26969810e+002,
    1.52123856e+002, 2.84938660e+002, 1.56182770e+002, 2.89398987e+002,
    1.58943039e+002, 1.41697403e+002, 1.63185501e+002, 7.86220856e+001,
    1.64812042e+002, 1.84909836e+002, 1.66120132e+002, 7.63237076e+001,
    1.76655075e+002, 8.56581650e+001, 1.77788422e+002, 2.55112045e+002,
    1.89914474e+002, 9.68127747e+001, 2.18754150e+002, 1.14200096e+002,
    2.61453644e+002, 1.14200096e+002, 2.61453644e+002, 1.41801651e+002,
    2.75655212e+002, 8.35142212e+001, 3.05267090e+002, 8.35142212e+001,
    3.05267090e+002, 2.21910355e+002, 7.82922058e+001, 2.22291504e+002,
    9.25521545e+001, 2.22291504e+002, 9.25521545e+001, 1.41357315e+002,
    1.27145554e+002, 1.41357315e+002, 1.27145554e+002, 2.45936661e+002,
    1.29022827e+002, 1.82433823e+002, 1.38791107e+002, 8.64832611e+001,
    1.67366516e+002, 9.58802185e+001, 2.71574860e+002, 1.64038528e+002,
    2.82891754e+002, 1.64038528e+002, 2.82891754e+002, 1.64038528e+002,
    2.82891754e+002, 2.70026672e+002, 2.88866608e+002, 2.09771942e+002,
    7.87821198e+001, 2.09771942e+002, 7.87821198e+001, 2.37229706e+002,
    1.13831078e+002, 2.37229706e+002, 1.13831078e+002, 6.71163559e+001,
    1.59676788e+002, 1.32809082e+002, 1.65381592e+002, 8.71054077e+001,
    1.67657288e+002, 8.60441513e+001, 2.36005630e+002, 1.67431702e+002,
    2.64995087e+002, 1.67431702e+002, 2.64995087e+002, 2.14727722e+002,
    8.21882782e+001, 2.71510559e+002, 1.45976471e+002, 2.71510559e+002,
    1.45976471e+002, 9.84033127e+001, 2.88110260e+002, 2.71795044e+002,
    2.87017059e+002, 5.13023491e+001, 2.91348053e+002, 5.13023491e+001,
    2.91348053e+002, 1.73779465e+002, 1.53466904e+002, 1.73779465e+002,
    1.53466904e+002, 2.67350281e+002, 2.35689804e+002, 2.86324066e+002,
    2.43073563e+002, 2.85838898e+002, 2.61528503e+002, 1.05705872e+002,
    2.72494049e+002, 2.45169724e+002, 2.77241852e+002, 2.71603546e+002,
    2.86962097e+002, 2.29088791e+002, 1.00431694e+002, 2.45693832e+002,
    1.25844742e+002, 2.45693832e+002, 1.25844742e+002, 8.01918945e+001,
    1.55375595e+002, 8.01918945e+001, 1.55375595e+002, 2.28036026e+002,
    2.89590393e+002, 2.60361115e+002, 1.92597153e+002, 1.91606750e+002,
    5.86922455e+001, 9.11704712e+001, 1.29478699e+002, 2.78555389e+002,
    2.76572906e+002, 2.78555389e+002, 2.76572906e+002, 1.46572693e+002,
    9.36867371e+001, 1.46572693e+002, 9.36867371e+001 ]
