%YAML:1.0
refImagePoints: [ 3.51037521e+001, 2.52418640e+002, 1.49071671e+002,
    1.03927292e+002, 2.08450745e+002, 2.11233719e+002, 2.13224701e+002,
    7.21236801e+001, 7.72061310e+001, 2.41041092e+002, 3.69205894e+001,
    2.91153992e+002, 3.26425972e+001, 2.01190918e+002, 2.83842621e+002,
    1.33117859e+002, 1.55777237e+002, 2.76733704e+002, 2.24677307e+002,
    8.41419983e+001, 9.35899124e+001, 2.44938034e+002, 5.83510704e+001,
    2.54081924e+002, 9.05217514e+001, 2.55063202e+002, 2.57684021e+002,
    1.21462364e+002, 2.51048752e+002, 7.55476532e+001, 2.01777496e+002,
    2.01849655e+002, 1.52666000e+002, 1.45043213e+002, 2.21607513e+002,
    1.95332794e+002, 2.51737183e+002, 1.81217480e+001, 7.66146164e+001,
    2.57748871e+002, 2.65945496e+002, 7.20389557e+001, 9.56803360e+001,
    2.28053131e+002, 1.64143997e+002, 1.38111267e+002, 5.41751938e+001,
    1.59008331e+002, 2.66478760e+002, 1.65519390e+001, 4.00533447e+001,
    2.72237488e+002, 1.05032791e+002, 2.92617310e+002, 2.90920013e+002,
    1.11079033e+002, 2.14382782e+002, 8.04139709e+001, 8.58892746e+001,
    2.77950806e+002, 1.08238846e+002, 2.80933289e+002, 1.11915192e+002,
    2.87021484e+002, 2.82035553e+002, 1.07605240e+002, 4.50983086e+001,
    2.94898438e+002, 9.18113861e+001, 2.93877350e+002, 9.79876404e+001,
    2.97398621e+002, 2.80162170e+002, 1.39188950e+002, 8.02659988e+001,
    2.69237823e+002, 2.77501282e+002, 1.23574989e+002, 1.17167732e+002,
    2.89960480e+002, 2.81502686e+002, 1.40407333e+002, 2.88485168e+002,
    1.14110241e+001, 6.13459816e+001, 1.86168304e+002, 2.58143951e+002,
    6.92638931e+001, 4.42828217e+001, 2.85329346e+002, 2.28175247e+002,
    6.74748230e+001, 5.11855888e+001, 2.90024170e+002, 7.11398239e+001,
    1.86058075e+002, 8.91759338e+001, 2.37356216e+002, 2.77558228e+002,
    1.35325455e+002, 1.60190842e+002, 2.67500793e+002, 5.73432770e+001,
    1.91828033e+002, 2.64337769e+002, 1.25252525e+002, 8.19910889e+001,
    2.49393707e+002, 2.72170837e+002, 7.65341263e+001, 4.43772011e+001,
    2.83161438e+002, 1.68207016e+002, 1.28768616e+002, 8.11477509e+001,
    2.87100586e+002, 2.59892944e+002, 6.65712357e+001, 1.59199570e+002,
    2.84292145e+002, 4.77264290e+001, 2.49411148e+002, 2.55995895e+002,
    8.61107025e+001, 2.93304413e+002, 1.41640635e+001, 2.00414093e+002,
    2.08435837e+002, 2.64863159e+002, 7.92347183e+001, 1.55559204e+002,
    2.93054260e+002, 6.47858963e+001, 1.78799255e+002, 2.71991180e+002,
    6.87460709e+001, 9.56659470e+001, 2.74405212e+002, 5.53622475e+001,
    2.40047134e+002, 9.92242432e+001, 2.35023178e+002, 9.13237610e+001,
    1.88888367e+002, 1.87310135e+002, 2.51572571e+001, 2.92092133e+002,
    1.30865677e+002, 1.04128075e+002, 2.76181061e+002, 2.45400787e+002,
    1.09722046e+002, 2.89037811e+002, 1.18972031e+002, 2.38831482e+002,
    8.20640259e+001, 1.00012817e+002, 2.77530579e+002, 9.64816818e+001,
    2.60592499e+002, 2.49828949e+002, 1.05438934e+002, 2.90785767e+002,
    1.38420929e+002, 2.48121155e+002, 9.53481979e+001, 1.54882736e+002,
    1.34752151e+002, 2.13444443e+002, 1.96236755e+002, 6.36370926e+001,
    2.65273956e+002, 2.06095963e+002, 1.94400482e+002, 2.12964233e+002,
    1.94009659e+002, 1.66338531e+002, 2.78085815e+002, 5.88590775e+001,
    1.77275543e+002, 6.26318588e+001, 2.39770218e+002, 1.53471313e+002,
    1.31866028e+002, 4.87617378e+001, 2.70814636e+002, 3.37295227e+001,
    2.82424866e+002, 1.19226456e+002, 2.79587585e+002, 1.92702438e+002,
    2.05932800e+002, 1.62851349e+002, 2.63266571e+002, 7.91161270e+001,
    2.96727020e+002, 2.33009018e+002, 5.49978981e+001, 6.47124329e+001,
    1.57495377e+002, 4.52660637e+001, 2.60835602e+002, 6.60337753e+001,
    2.60352081e+002, 2.01851669e+002, 6.53835907e+001, 2.34814331e+002,
    6.80869522e+001, 2.76482056e+002, 1.07901787e+002, 6.33855209e+001,
    2.89391266e+002, 2.56651611e+002, 1.13914421e+002, 1.57160385e+002,
    1.28945068e+002, 1.66337662e+002, 1.49752228e+002, 5.68585587e+001,
    2.72383636e+002, 1.04730957e+002, 2.56750824e+002, 2.74284210e+002,
    2.09509296e+001, 7.78764648e+001, 1.90527222e+002, 1.47002518e+002,
    1.13001961e+002, 2.25819199e+002, 9.52002792e+001, 1.32737015e+002,
    1.23360519e+002, 1.39319946e+002, 1.25787354e+002, 4.96305084e+001,
    1.87776962e+002, 2.08411972e+002, 1.90288635e+002, 3.45649490e+001,
    1.93602768e+002, 1.82095612e+002, 1.69298737e+002, 2.21080688e+002,
    2.07031372e+002, 3.34226761e+001, 1.92602127e+002, 2.89842491e+001,
    2.09681122e+002, 1.81201782e+002, 1.36429428e+002, 1.56412735e+002,
    1.09191811e+002, 1.70712769e+002, 1.53207687e+002, 1.83610397e+002,
    1.69163376e+002, 1.67568069e+002, 2.80154877e+002, 2.12795135e+002,
    2.18239014e+002, 3.43297615e+001, 2.42592148e+002, 1.43485565e+002,
    1.57600037e+002, 1.45833206e+002, 9.68428574e+001, 1.38573105e+002,
    1.61453995e+002, 1.49825439e+002, 1.52091766e+002, 8.36333237e+001,
    2.27119232e+002, 3.89434395e+001, 2.61085571e+002, 2.17650620e+002,
    5.84259529e+001, 2.10169220e+002, 1.86412872e+002, 8.62279053e+001,
    2.02760284e+002, 2.26743591e+002, 2.00492157e+002, 2.69926025e+002,
    1.09835442e+002, 2.48420517e+002, 5.79886627e+001, 2.21797836e+002,
    5.80287933e+001, 1.47071594e+002, 1.32866287e+002, 5.20424881e+001,
    2.97179657e+002, 5.34221611e+001, 2.97406433e+002, 4.62988434e+001,
    1.74279633e+002, 1.98737900e+002, 1.70180298e+002, 5.50255203e+001,
    1.49877716e+002, 2.84384125e+002, 1.80313320e+001, 3.00728703e+001,
    2.63436981e+002, 2.61541412e+002, 1.18825607e+002, 1.50539429e+002,
    1.35812546e+002, 8.01928101e+001, 2.00217819e+002, 6.48487778e+001,
    1.75763123e+002 ]
