%YAML:1.0
refObjPoints: [ 6.25438976e+000, 5.23301744e+000, 8.12467694e-001,
    1.06512947e+001, 2.49574327e+000, -1.08849306e+001, 6.47430515e+000,
    1.91698122e+000, 8.69909585e-001, 1.66020412e+001, 1.36671581e+001,
    -1.23244524e+001, 6.06989813e+000, 1.70049918e+000, 2.84556985e-001,
    1.68849277e+001, 1.26801729e+001, -1.39204664e+001, 1.69034309e+001,
    1.34570074e+001, -1.49195337e+001, 5.42409658e+000, 7.32453287e-001,
    -1.86161971e+000, 1.04485054e+001, 2.86901355e+000, -9.47697258e+000,
    6.30022383e+000, 5.69280052e+000, -1.05992723e+000, 9.89205170e+000,
    1.42458618e+000, -9.30281544e+000, 1.67904968e+001, 1.16607647e+001,
    -1.20989494e+001, 6.19407654e+000, 5.10563278e+000, -9.34623003e-001,
    1.46584644e+001, 1.12371616e+001, -3.09352112e+000, 6.25406504e+000,
    2.05976701e+000, 5.74134946e-001, 5.85327625e+000, 5.65873720e-002,
    3.58385742e-001, 6.42323303e+000, 1.17335856e+000, 8.02542031e-001,
    1.59096298e+001, 1.14295645e+001, -6.37463999e+000, 1.67842579e+001,
    1.26206980e+001, -1.27379332e+001, 1.56632004e+001, 1.25308018e+001,
    -6.17515278e+000, 6.10358477e+000, 4.81441069e+000, -5.50329924e-001,
    5.63098955e+000, 4.35462773e-001, -2.47676417e-001, 1.08362494e+001,
    3.00440073e+000, -1.03921251e+001, 1.55853624e+001, 1.14985723e+001,
    -5.36359119e+000, 1.61182823e+001, 1.50133505e+001, -1.07116842e+001,
    1.69496460e+001, 1.17463226e+001, -1.31886578e+001, 1.61022835e+001,
    1.01587782e+001, -7.57242107e+000, 5.46158171e+000, 1.00281370e+000,
    -9.15816188e-001, 6.18787050e+000, 5.45867682e+000, -5.80351055e-001,
    9.98978329e+000, 2.02841139e+000, -9.09205246e+000, 9.62489128e+000,
    2.67287922e+000, -8.25979900e+000, 9.82511139e+000, 2.08532023e+000,
    -8.72011662e+000, 1.54720936e+001, 1.17976818e+001, -4.96822262e+000,
    6.17979813e+000, 5.47656488e+000, -4.18869972e-001, 1.11514397e+001,
    3.45073438e+000, -1.00761681e+001, 1.48876591e+001, 1.05804892e+001,
    -3.42168260e+000, 1.64471607e+001, 1.54489594e+001, -1.36542330e+001,
    6.15913296e+000, 5.28035164e+000, -3.56011957e-001, 6.19551706e+000,
    5.18480206e+000, -1.53518629e+000, 6.22614717e+000, 5.45495462e+000,
    4.91430968e-001, 6.31125927e+000, 6.17648983e+000, 2.96109766e-001,
    8.95375347e+000, 2.67745566e+000, -7.41432953e+000, 6.47833967e+000,
    4.67286396e+000, -3.12909651e+000, 6.00478458e+000, 4.37073755e+000,
    -1.13204837e+000, 6.20404530e+000, 5.01599693e+000, 4.81987655e-001,
    6.25283003e+000, 5.02472401e+000, -1.84248507e+000, 6.46648645e+000,
    4.59851694e+000, -3.15512443e+000, 1.07388163e+001, 2.27457929e+000,
    -1.19038992e+001, 6.28380442e+000, 5.25772667e+000, 1.14106715e+000,
    6.68429470e+000, 6.53333282e+000, -1.73647654e+000, 6.37582731e+000,
    5.91869497e+000, -1.36947751e+000, 1.62701702e+001, 1.11353931e+001,
    -8.71971989e+000, 1.00152330e+001, 1.06088078e+000, -1.01481333e+001,
    6.23533869e+000, 5.75078344e+000, -3.58147055e-001, 6.46136093e+000,
    3.84073019e+000, -3.64032555e+000, 6.23306465e+000, 5.65089083e+000,
    -5.59081137e-001, 1.62381153e+001, 1.14554262e+001, -8.19091511e+000 ]
