%YAML:1.0
refObjPoints: [ 6.78556395e+000, 5.84664106e+000, -2.75884247e+000,
    1.08340101e+001, 3.47858834e+000, -9.17968273e+000, 5.92403173e+000,
    1.76042008e+000, -2.11826015e+000, 1.59588900e+001, 1.40223837e+001,
    -8.38740349e+000, 6.51856995e+000, 1.10518610e+000, -2.68341899e+000,
    1.62032261e+001, 1.27409973e+001, -8.99514675e+000, 1.62119427e+001,
    1.30900536e+001, -9.73326397e+000, 7.94200325e+000, -6.20164096e-001,
    -4.93011761e+000, 1.05843754e+001, 3.76953101e+000, -8.52484226e+000,
    8.09694290e+000, 6.16357803e+000, -4.86834097e+000, 9.81092548e+000,
    2.58970380e+000, -8.54784966e+000, 1.60592022e+001, 1.23622227e+001,
    -7.66936874e+000, 7.51367569e+000, 5.42879057e+000, -4.87185097e+000,
    1.43523798e+001, 1.49600706e+001, -9.77225959e-001, 6.21599674e+000,
    1.75620151e+000, -2.49462581e+000, 6.00488329e+000, -9.03373122e-001,
    -2.52032161e+000, 5.78461790e+000, 8.75235915e-001, -2.12576890e+000,
    1.48856144e+001, 1.37942352e+001, -3.74821067e+000, 1.60888157e+001,
    1.30166054e+001, -8.30694389e+000, 1.45984669e+001, 1.49245958e+001,
    -4.09620285e+000, 7.16616011e+000, 5.08984232e+000, -4.50410604e+000,
    7.19817305e+000, -1.11070502e+000, -2.81606030e+000, 1.11185732e+001,
    3.88348913e+000, -8.84232712e+000, 1.45689602e+001, 1.41937542e+001,
    -3.05438066e+000, 1.54105549e+001, 1.56346655e+001, -7.95974255e+000,
    1.61609116e+001, 1.21529322e+001, -8.30607319e+000, 1.52363214e+001,
    1.21322870e+001, -4.31835175e+000, 7.81758928e+000, -5.41331410e-001,
    -3.74250150e+000, 7.65578365e+000, 5.90478992e+000, -4.43576813e+000,
    9.95301342e+000, 3.06982470e+000, -8.45822620e+000, 9.87676525e+000,
    3.50518775e+000, -8.25053978e+000, 9.85265732e+000, 3.07971668e+000,
    -8.33240414e+000, 1.44210863e+001, 1.46510153e+001, -2.84578490e+000,
    7.57569313e+000, 5.95052624e+000, -4.26330566e+000, 1.15499792e+001,
    4.27155876e+000, -8.49139309e+000, 1.45177050e+001, 1.40526133e+001,
    -9.71858621e-001, 1.59813948e+001, 1.50770979e+001, -9.68902302e+000,
    7.37322569e+000, 5.70593786e+000, -4.23580027e+000, 7.89626741e+000,
    5.44234085e+000, -5.47600889e+000, 7.09264994e+000, 6.08277845e+000,
    -3.15601611e+000, 7.84182262e+000, 7.07795382e+000, -3.18360138e+000,
    9.60824490e+000, 3.34568954e+000, -8.08505630e+000, 8.62253952e+000,
    4.73943520e+000, -6.66401386e+000, 7.24074888e+000, 4.46874332e+000,
    -5.14765930e+000, 6.82414675e+000, 5.49695015e+000, -3.21511221e+000,
    7.95116425e+000, 5.23616362e+000, -5.73692322e+000, 8.61835003e+000,
    4.64782381e+000, -6.67886400e+000, 1.09046078e+001, 3.32932687e+000,
    -9.66826057e+000, 6.67114496e+000, 5.93791533e+000, -2.28266358e+000,
    1.03246899e+001, 7.29225206e+000, -4.79208136e+000, 8.60291672e+000,
    6.41952038e+000, -5.06267977e+000, 1.54697170e+001, 1.27832556e+001,
    -5.40647936e+000, 9.99649334e+000, 2.33076644e+000, -8.90565777e+000,
    7.80531168e+000, 6.33468676e+000, -4.10525131e+000, 8.59905529e+000,
    3.77651405e+000, -6.96659231e+000, 7.81328821e+000, 6.16918421e+000,
    -4.35655642e+000, 1.53415422e+001, 1.32541981e+001, -5.08794546e+000,
    8.72756290e+000, 6.86756897e+000, -4.56481791e+000, 1.52435837e+001,
    1.37824163e+001, -5.18592119e+000, 8.09471893e+000, 5.85246325e+000,
    -5.32442093e+000, 1.49776354e+001, 1.43242054e+001, -4.92085123e+000,
    1.55852051e+001, 1.20167837e+001, -5.38109446e+000, 6.37855053e+000,
    2.20530182e-001, -2.47928405e+000, 6.57095480e+000, 5.72270060e+000,
    -2.24887943e+000, 1.60583401e+001, 9.27573872e+000, -8.41256142e+000,
    9.41228676e+000, 2.48929906e+000, -8.04908562e+000, 6.64006996e+000,
    1.63152456e+000, -3.46786737e+000, 5.57210588e+000, -1.26867905e-001,
    -2.19337511e+000, 7.76355600e+000, -1.01155877e-001,
    -4.64738035e+000, 1.62571754e+001, 1.20269661e+001, -9.10527706e+000,
    8.43867970e+000, 6.73631239e+000, -4.39847422e+000, 6.83852577e+000,
    4.67081451e+000, -4.11833334e+000, 1.53201294e+001, 1.33657732e+001,
    -5.09221840e+000, 5.04995298e+000, 3.32128823e-001, -1.66320407e+000,
    9.65476990e+000, 7.41513824e+000, -4.36603689e+000, 8.56757069e+000,
    6.79116201e+000, -4.50266218e+000, 7.63740921e+000, 6.44764996e+000,
    -3.60408473e+000, 1.59205103e+001, 1.28198309e+001, -7.19513988e+000,
    6.62434149e+000, -7.78531060e-002, -2.49943876e+000, 1.25199547e+001,
    9.27606297e+000, -2.31931639e+000, 1.42840376e+001, 1.50948029e+001,
    -1.65504444e+000, 7.58218908e+000, 3.91893506e+000, -6.02562380e+000,
    9.72708988e+000, 6.59600210e+000, -5.74632215e+000, 1.65818710e+001,
    1.04202948e+001, -1.10083408e+001, 7.82588816e+000, 3.01456392e-001,
    -5.58376598e+000, 1.44900122e+001, 7.07095575e+000, -4.21423769e+000,
    6.94856167e+000, 5.24346828e+000, -3.77076983e+000, 7.07879257e+000,
    6.35019779e+000, -2.83799553e+000, 8.03723049e+000, -4.04049844e-001,
    -5.91004419e+000, 1.02042046e+001, 7.61114597e+000, -4.25416374e+000,
    9.59356022e+000, 3.65446687e+000, -7.95549583e+000, 7.11291075e+000,
    5.65573835e+000, -3.65579700e+000, 7.32797432e+000, 6.34107399e+000,
    -3.32391977e+000, 9.90723610e+000, 4.16623211e+000, -7.91476679e+000,
    9.63152218e+000, 3.17609167e+000, -8.16042900e+000, 9.06849575e+000,
    6.89796257e+000, -4.84232092e+000, 1.04395094e+001, 2.82217479e+000,
    -9.53728199e+000, 8.34067345e+000, 3.43422294e+000, -6.86151600e+000,
    7.97470522e+000, 1.79718316e+000, -6.44110966e+000, 7.50323725e+000,
    4.42626810e+000, -5.67507505e+000, 1.47408266e+001, 7.94792271e+000,
    -3.48763871e+000, 9.49350548e+000, 1.86340511e+000, -8.31237125e+000,
    7.83706284e+000, -8.56985077e-002, -3.18956518e+000, 1.00410919e+001,
    4.51433706e+000, -7.72471571e+000, 1.55334902e+001, 1.65135765e+001,
    -9.64668846e+000, 1.45324059e+001, 1.24657068e+001, -2.64563966e+000,
    9.77466965e+000, 1.51046574e+000, -8.96875095e+000, 1.45098200e+001,
    8.70303631e+000, -2.82980537e+000, 7.19223785e+000, 6.08807802e-001,
    -4.58144808e+000, 9.11578560e+000, 3.43521786e+000, -7.57909441e+000,
    1.56174564e+001, 1.16907167e+001, -5.35573053e+000, 9.55739689e+000,
    4.34103441e+000, -7.52767611e+000, 1.47296648e+001, 1.26779804e+001,
    -3.17285848e+000, 1.49461737e+001, 8.73945141e+000, -3.26031995e+000,
    8.94016171e+000, 3.99089456e+000, -7.23256445e+000, 6.74285269e+000,
    5.03847599e+000, -3.52496028e+000, 5.29787350e+000, -1.32648245e-001,
    -2.15192389e+000, 5.12671137e+000, 4.70119789e-002, -1.89985955e+000,
    1.60510159e+001, 9.58490181e+000, -7.85132504e+000, 9.33095646e+000,
    5.11504555e+000, -6.87217236e+000, 8.79430580e+000, 7.60579109e+000,
    -3.47981477e+000, 5.98663712e+000, 4.04124784e+000, -1.91125882e+000,
    8.70705605e+000, 6.99171066e+000, -4.31439018e+000, 1.45966673e+001,
    1.35940857e+001, -2.63420701e+000, 9.21882153e+000, 6.26559305e+000,
    -5.92564821e+000, 1.59292641e+001, 6.71367931e+000, -1.06227922e+001,
    8.92565060e+000, 7.78478527e+000, -3.30926108e+000, 6.50707150e+000,
    6.90234375e+000, 3.52821261e-001, 1.47880955e+001, 1.10722446e+001,
    -3.28994060e+000, 1.13391132e+001, 3.55754304e+000, -1.00842361e+001,
    1.40582266e+001, 1.08997765e+001, -2.23465753e+000, 1.22370567e+001,
    4.04523134e+000, -9.06492710e+000, 1.39001846e+001, 5.57557726e+000,
    -6.87064314e+000, 5.84089279e+000, 1.47375405e+000, -2.88074255e-001,
    1.11330709e+001, 3.47888851e+000, -9.89898968e+000, 1.49886312e+001,
    1.64781418e+001, -7.61037636e+000, 1.08872623e+001, 2.77843499e+000,
    -1.13199444e+001, 1.09808254e+001, 2.57091665e+000, -1.27347355e+001,
    8.95595551e+000, 6.29416418e+000, -5.69923258e+000, 6.36706924e+000,
    5.67093992e+000, -1.63072050e+000, 7.54055929e+000, 5.19512773e-001,
    -5.22444105e+000, 9.85731506e+000, 5.19687700e+000, -7.01366329e+000,
    7.18830442e+000, 3.58419418e+000, -5.49882936e+000, 1.46078091e+001,
    1.57165585e+001, -5.59268093e+000, 1.31177750e+001, 5.03010368e+000,
