%YAML:1.0
refObjPoints: [ 7.20030499e+000, 6.41386557e+000, -3.00190592e+000,
    1.08915033e+001, 3.38796949e+000, -9.51248360e+000, 5.74729872e+000,
    1.68050027e+000, -1.73657954e+000, 1.61574230e+001, 1.20075312e+001,
    -8.01266289e+000, 6.22284985e+000, 8.57773662e-001, -2.43170834e+000,
    1.62917099e+001, 1.08601093e+001, -8.55233288e+000, 1.63271637e+001,
    1.11696386e+001, -9.21990967e+000, 7.78724480e+000, -1.63807988e+000,
    -4.76601696e+000, 1.07954226e+001, 3.63270092e+000, -8.82464027e+000,
    8.75267792e+000, 6.48349762e+000, -5.14976883e+000, 1.00629492e+001,
    2.46945047e+000, -8.91614914e+000, 1.61361275e+001, 1.05408058e+001,
    -7.33766270e+000, 8.06630135e+000, 5.86803198e+000, -5.21278620e+000,
    1.44887009e+001, 1.31435547e+001, -1.27917457e+000, 6.01910686e+000,
    1.72033346e+000, -2.27584982e+000, 4.91000795e+000, -1.04658175e+000,
    -2.61981654e+000, 5.35449600e+000, 6.84808075e-001, -1.77640927e+000,
    1.50246658e+001, 1.20255127e+001, -3.81536818e+000, 1.62348938e+001,
    1.11155748e+001, -7.92021751e+000, 1.51317005e+001, 1.31034880e+001,
    -4.08765316e+000, 7.63554573e+000, 5.57923079e+000, -4.84351492e+000,
    6.15611267e+000, -1.60979331e+000, -2.80612254e+000, 1.11848211e+001,
    3.71122932e+000, -9.12399864e+000, 1.47328215e+001, 1.24430418e+001,
    -3.21342397e+000, 1.59114323e+001, 1.34985657e+001, -7.64588261e+000,
    1.61833763e+001, 1.03454590e+001, -7.93231249e+000, 1.53105564e+001,
    1.04754229e+001, -4.22491407e+000, 7.46380997e+000, -1.55015731e+000,
    -3.39910722e+000, 8.21874809e+000, 6.32172585e+000, -4.74963808e+000,
    1.02120304e+001, 2.98026085e+000, -8.81102657e+000, 1.02517262e+001,
    3.41564775e+000, -8.57142353e+000, 1.01194811e+001, 3.00115705e+000,
    -8.68753242e+000, 1.46943779e+001, 1.28799210e+001, -3.01304173e+000,
    8.15043545e+000, 6.37572336e+000, -4.55815935e+000, 1.14426956e+001,
    4.05877066e+000, -8.75853825e+000, 1.42908678e+001, 1.22894840e+001,
    -1.38807595e+000, 1.62058849e+001, 1.28830814e+001, -9.18241501e+000,
    7.92209196e+000, 6.16519308e+000, -4.53592634e+000, 8.49415779e+000,
    5.81068182e+000, -5.82193184e+000, 7.58613443e+000, 6.59860325e+000,
    -3.41313672e+000, 8.47585869e+000, 7.43983507e+000, -3.39908195e+000,
    1.00026684e+001, 3.27626443e+000, -8.41709137e+000, 9.25392914e+000,
    4.89657879e+000, -6.96619844e+000, 7.65514708e+000, 4.92937279e+000,
    -5.53497934e+000, 7.25311756e+000, 6.03598738e+000, -3.45873427e+000,
    8.51859760e+000, 5.60007143e+000, -6.10655308e+000, 9.21922779e+000,
    4.80920410e+000, -6.99204493e+000, 1.09549313e+001, 3.25765014e+000,
    -1.00056400e+001, 7.04302692e+000, 6.52501774e+000, -2.50087476e+000,
    1.06559515e+001, 7.14960146e+000, -5.05311108e+000, 9.26924038e+000,
    6.63118982e+000, -5.31864119e+000, 1.56349745e+001, 1.10185070e+001,
    -5.25082731e+000, 1.01252451e+001, 2.23790073e+000, -9.30889511e+000,
    8.40429211e+000, 6.71609163e+000, -4.38244820e+000, 9.04780769e+000,
    3.91164804e+000, -7.32610226e+000, 8.41420937e+000, 6.54993916e+000,
    -4.64516258e+000, 1.55372782e+001, 1.14611864e+001, -4.97560263e+000,
    9.39188004e+000, 7.04571056e+000, -4.79442883e+000, 1.55026312e+001,
    1.19489193e+001, -5.08942556e+000, 8.74076748e+000, 6.18055010e+000,
    -5.63757133e+000, 1.53968258e+001, 1.24899273e+001, -4.83848953e+000,
    1.56400099e+001, 1.03054018e+001, -5.21375942e+000, 5.79146004e+000,
    -1.31193504e-001, -2.23925138e+000, 6.90795803e+000, 6.31704807e+000,
    -2.45589423e+000, 1.55925579e+001, 7.82916737e+000, -8.15312481e+000,
    9.68386364e+000, 2.38363647e+000, -8.41575146e+000, 6.93725538e+000,
    1.12959242e+000, -2.95980787e+000, 4.78350687e+000, -3.19636375e-001,
    -2.01473403e+000, 7.91823196e+000, -1.26113069e+000,
    -4.23935938e+000, 1.62098751e+001, 1.02303381e+001, -8.67681122e+000,
    9.05946064e+000, 6.98930454e+000, -4.66541290e+000, 7.21108341e+000,
    5.18654156e+000, -4.43494701e+000, 1.55276909e+001, 1.15645742e+001,
    -4.98458958e+000, 4.75965691e+000, -4.67153579e-001,
    -5.46607316e-001, 1.01662359e+001, 7.39276361e+000, -4.59708786e+000,
    9.21959782e+000, 7.00877333e+000, -4.74794388e+000, 8.22796345e+000,
    6.85175705e+000, -3.84738922e+000, 1.60681648e+001, 1.09680490e+001,
    -6.89970303e+000, 5.87101603e+000, -4.04177010e-001,
    -2.37672734e+000, 1.14613380e+001, 8.63372707e+000, -3.21756053e+000,
    1.45337811e+001, 1.32875004e+001, -1.91359484e+000, 8.07105350e+000,
    4.23326159e+000, -6.38516760e+000, 1.03275213e+001, 6.57132339e+000,
    -5.96110868e+000, 1.63376637e+001, 8.79528713e+000, -1.04231548e+001,
    8.00204563e+000, -4.68304098e-001, -5.52375793e+000, 1.22701139e+001,
    6.44530630e+000, -5.12703848e+000, 7.36959076e+000, 5.76718378e+000,
    -4.06971502e+000, 7.55704737e+000, 6.88305998e+000, -3.10576200e+000,
    8.14057255e+000, -1.39895105e+000, -5.86765242e+000, 1.05698786e+001,
    7.47073030e+000, -4.50272083e+000, 1.00195761e+001, 3.60856509e+000,
    -8.27897263e+000, 7.59173155e+000, 6.15828228e+000, -3.93674636e+000,
    7.92475271e+000, 6.79549360e+000, -3.53415108e+000, 1.03505020e+001,
    4.09292030e+000, -8.20433044e+000, 1.00043344e+001, 3.09166002e+000,
    -8.49727631e+000, 9.72740650e+000, 7.00154448e+000, -5.06035042e+000,
    1.05429440e+001, 2.77726531e+000, -9.92455387e+000, 8.79128647e+000,
    3.56042528e+000, -7.21432209e+000, 8.26170444e+000, 1.64517355e+000,
    -6.70103979e+000, 7.95209932e+000, 4.84579706e+000, -6.08090210e+000,
    1.39418688e+001, 6.76336670e+000, -3.62324262e+000, 9.70503330e+000,
    1.67205393e+000, -8.69201565e+000, 7.42752218e+000, -9.34276044e-001,
    -2.82974958e+000, 1.05614443e+001, 4.38965321e+000, -7.96345282e+000,
    1.60719700e+001, 1.41749163e+001, -9.14060593e+000, 1.44977436e+001,
    1.09232492e+001, -2.77181149e+000, 9.90022945e+000, 1.31853247e+000,
    -9.39270020e+000, 1.40071945e+001, 7.46331167e+000, -2.87979341e+000,
    7.89424753e+000, -7.18545794e-001, -3.82937670e+000, 9.49460125e+000,
    3.47432566e+000, -7.94376993e+000, 1.56088705e+001, 1.00043373e+001,
    -5.19392061e+000, 1.00467634e+001, 4.33018208e+000, -7.82537603e+000,
    1.47740593e+001, 1.10727558e+001, -3.23585105e+000, 1.44769526e+001,
    7.39093447e+000, -3.22786784e+000, 9.41058445e+000, 4.08382845e+000,
    -7.57878923e+000, 7.13076448e+000, 5.57413054e+000, -3.78797078e+000,
    4.56011438e+000, -3.82601649e-001, -1.86727178e+000, 4.50712538e+000,
    -3.41100097e-001, -1.36559749e+000, 1.55527897e+001, 8.09815407e+000,
    -7.63732195e+000, 9.98267269e+000, 5.13048792e+000, -7.11246490e+000,
    9.42145252e+000, 7.75394869e+000, -3.68554473e+000, 6.12603807e+000,
    4.48954725e+000, -1.82559133e+000, 9.36083984e+000, 7.17101765e+000,
    -4.53815269e+000, 1.45109453e+001, 1.18978643e+001, -2.88707709e+000,
    9.95696259e+000, 6.32589960e+000, -6.12917423e+000, 1.53805532e+001,
    5.57643700e+000, -1.02820225e+001, 9.51780033e+000, 7.90349388e+000,
    -3.52617002e+000, 6.86564827e+000, 7.44567633e+000, 5.37612021e-001,
    1.50429983e+001, 9.57836914e+000, -3.07702947e+000, 1.13126593e+001,
    3.46490717e+000, -1.03798685e+001, 1.39658804e+001, 9.60566235e+000,
    -2.31790423e+000, 1.17071390e+001, 3.87206531e+000, -9.34999847e+000,
    1.26184454e+001, 5.06284237e+000, -7.22760010e+000, 6.39751530e+000,
    -1.55846223e-001, 2.45813513e+000, 1.11496258e+001, 3.39827776e+000,
    -1.02145052e+001, 1.56169653e+001, 1.42940302e+001, -7.37456512e+000,
    1.09810867e+001, 2.80814981e+000, -1.16799212e+001, 1.10968456e+001,
    2.69764900e+000, -1.30689726e+001, 9.61724091e+000, 6.44412231e+000,
    -5.96658373e+000, 6.63200712e+000, 6.28523493e+000, -1.77608156e+000,
    7.91787529e+000, -3.92769992e-001, -4.95790148e+000, 1.04033442e+001,
    5.12996387e+000, -7.24468088e+000, 7.51871061e+000, 3.97105360e+000,
    -5.88638830e+000, 1.53118277e+001, 1.37859097e+001, -5.50190783e+000,
