%YAML:1.0
refObjPoints: [ 8.38069534e+000, 7.19204187e+000, -3.53889132e+000,
    1.12051620e+001, 4.11596727e+000, -8.48366451e+000, 5.90850210e+000,
    2.66073298e+000, -1.75282502e+000, 1.58205481e+001, 9.41807842e+000,
    -6.60354471e+000, 6.16655636e+000, 1.86288202e+000, -2.42867708e+000,
    1.56587992e+001, 8.65178108e+000, -7.05732441e+000, 1.57819433e+001,
    8.88996029e+000, -7.53014088e+000, 7.32217836e+000, -1.82646191e+000,
    -3.86996126e+000, 1.09936380e+001, 4.44672441e+000, -8.01282978e+000,
    9.82057667e+000, 6.93773842e+000, -5.14453459e+000, 1.01758633e+001,
    3.78498268e+000, -8.26901150e+000, 1.54109287e+001, 8.40778255e+000,
    -6.19058275e+000, 9.19653225e+000, 6.62548923e+000, -5.28185081e+000,
    1.39599800e+001, 1.05128622e+001, -2.15337491e+000, 6.17335653e+000,
    3.09893441e+000, -2.66010237e+000, 4.47897625e+000, -7.80982614e-001,
    -1.89294481e+000, 5.43183088e+000, -3.96162271e-001, 2.19975740e-001,
    1.50930891e+001, 9.40901947e+000, -3.28571415e+000, 1.56280346e+001,
    8.80840778e+000, -6.59039783e+000, 1.51436949e+001, 1.02514162e+001,
    -3.69426608e+000, 8.74274826e+000, 6.51719236e+000, -5.06386566e+000,
    5.42275429e+000, -8.98830473e-001, -2.52060199e+000, 1.13592453e+001,
    4.37493849e+000, -8.16734123e+000, 1.48375483e+001, 9.79924202e+000,
    -2.92270565e+000, 1.59230986e+001, 1.04784155e+001, -6.31642151e+000,
    1.54430637e+001, 8.29442883e+000, -6.63477278e+000, 1.49368448e+001,
    8.25085735e+000, -3.65863729e+000, 6.73541784e+000, -1.38552415e+000,
    -2.77717662e+000, 9.34171104e+000, 6.93704176e+000, -4.88771391e+000,
    1.03989048e+001, 4.12878084e+000, -8.13441563e+000, 1.05294609e+001,
    4.40136337e+000, -7.89531279e+000, 1.03211365e+001, 4.16395378e+000,
    -8.04935741e+000, 1.47262611e+001, 1.01674776e+001, -2.91302276e+000,
    9.27125645e+000, 6.99911785e+000, -4.74935246e+000, 1.15097055e+001,
    4.63718891e+000, -7.86958218e+000, 1.37848883e+001, 9.94871426e+000,
    -2.14297104e+000, 1.61055889e+001, 1.00481949e+001, -7.41725588e+000,
    9.04837990e+000, 6.89776421e+000, -4.76888418e+000, 9.55946636e+000,
    6.51815796e+000, -5.75359249e+000, 8.74744892e+000, 7.28608036e+000,
    -3.88124347e+000, 9.56721497e+000, 7.73293924e+000, -3.79600048e+000,
    1.02619553e+001, 4.40659332e+000, -7.84472799e+000, 9.99999332e+000,
    5.69717550e+000, -6.65418911e+000, 8.67660332e+000, 6.05441475e+000,
    -5.67631388e+000, 8.38113689e+000, 6.91049480e+000, -3.94022751e+000,
    9.56644917e+000, 6.35734653e+000, -5.98738289e+000, 9.95679855e+000,
    5.64003706e+000, -6.68369007e+000, 1.13386688e+001, 3.95121670e+000,
    -8.84491444e+000, 8.19339371e+000, 7.34283352e+000, -3.19881678e+000,
    1.11618557e+001, 7.07551908e+000, -4.97854853e+000, 1.02106028e+001,
    6.96197081e+000, -5.25989056e+000, 1.52633514e+001, 8.65233898e+000,
    -4.48460388e+000, 1.02939520e+001, 3.47831583e+000, -8.52669144e+000,
    9.50047398e+000, 7.20470047e+000, -4.58521652e+000, 9.63550282e+000,
    5.03196812e+000, -7.03698063e+000, 9.51117325e+000, 7.07457256e+000,
    -4.79141426e+000, 1.52912054e+001, 8.97023010e+000, -4.25266075e+000,
    1.03088226e+001, 7.24288082e+000, -4.83049107e+000, 1.53663731e+001,
    9.33679390e+000, -4.34264660e+000, 9.81850910e+000, 6.71098280e+000,
    -5.53672934e+000, 1.53533964e+001, 9.74864864e+000, -4.17412186e+000,
    1.50899029e+001, 8.15149021e+000, -4.49436045e+000, 5.49427652e+000,
    5.35878718e-001, -1.90080190e+000, 8.03204155e+000, 7.21507311e+000,
    -3.18392539e+000, 1.47438049e+001, 6.59422398e+000, -6.87512112e+000,
    9.78341484e+000, 3.84868193e+000, -7.95943832e+000, 6.59643364e+000,
    3.51648879e+000, -4.16952515e+000, 4.50264454e+000, -7.45217800e-001,
    -6.49791956e-001, 7.46579266e+000, -1.54222286e+000,
    -3.29541159e+000, 1.55153465e+001, 8.23754692e+000, -7.17203093e+000,
    1.00673904e+001, 7.25777340e+000, -4.73583078e+000, 8.26602173e+000,
    6.30718756e+000, -4.79865646e+000, 1.53014078e+001, 9.04934120e+000,
    -4.26265717e+000, 4.08762836e+000, -1.29581463e+000, 1.23726046e+000,
    1.08192949e+001, 7.37397528e+000, -4.67511320e+000, 1.01817341e+001,
    7.24919510e+000, -4.80285978e+000, 9.31239796e+000, 7.35889196e+000,
    -4.19826269e+000, 1.54746475e+001, 8.67287350e+000, -5.82360840e+000,
    5.49910831e+000, 2.60063469e-001, -2.03867173e+000, 1.15840664e+001,
    8.07471752e+000, -3.68337941e+000, 1.42385015e+001, 1.05693274e+001,
    -2.44876647e+000, 8.88013363e+000, 5.50717783e+000, -6.40316629e+000,
    1.09750128e+001, 6.71109247e+000, -5.69746923e+000, 1.55139742e+001,
    7.27591991e+000, -8.45942974e+000, 7.50717926e+000, 1.43247092e+000,
    -5.75433111e+000, 1.15399046e+001, 6.66664171e+000, -5.44138193e+000,
    8.48320293e+000, 6.70126104e+000, -4.45066929e+000, 8.76653671e+000,
    7.48727655e+000, -3.59854937e+000, 7.91486645e+000, -1.54499304e+000,
    -4.93680573e+000, 1.10841360e+001, 7.33654165e+000, -4.57025290e+000,
    1.03618221e+001, 4.61528921e+000, -7.69588757e+000, 8.71280384e+000,
    6.96525145e+000, -4.32928658e+000, 9.04128551e+000, 7.37750101e+000,
    -3.97044182e+000, 1.07416906e+001, 4.84598494e+000, -7.53577328e+000,
    1.02097769e+001, 4.29671955e+000, -7.93255806e+000, 1.05502844e+001,
    7.14975929e+000, -5.02812099e+000, 1.09093933e+001, 3.68038177e+000,
    -8.86858940e+000, 9.32914734e+000, 4.85054016e+000, -7.01888323e+000,
    8.35402298e+000, 3.49513030e+000, -6.79315186e+000, 8.94234562e+000,
    5.94811678e+000, -6.09880257e+000, 1.19859867e+001, 6.85106754e+000,
    -4.66981173e+000, 9.70715332e+000, 3.20704365e+000, -8.16796875e+000,
    6.71899986e+000, -3.42983395e-001, -2.53999257e+000, 1.08818598e+001,
    5.07038403e+000, -7.34114647e+000, 1.61820793e+001, 1.09613495e+001,
    -7.39233971e+000, 1.42890129e+001, 8.75732994e+000, -2.65445137e+000,
    9.95977116e+000, 2.71630979e+000, -8.63959122e+000, 1.23402309e+001,
    7.05109549e+000, -3.84431410e+000, 6.86807442e+000, 2.10098529e+000,
    -4.98601675e+000, 9.91724586e+000, 4.62289381e+000, -7.50279474e+000,
    1.49926624e+001, 7.94919157e+000, -4.50084162e+000, 1.05294561e+001,
    5.09893656e+000, -7.26867199e+000, 1.46748228e+001, 8.75362015e+000,
    -2.86634302e+000, 1.29733076e+001, 6.64120340e+000, -3.70028138e+000,
    9.99082184e+000, 5.05422068e+000, -7.16328716e+000, 8.22055244e+000,
    6.59018135e+000, -4.23986149e+000, 4.22046041e+000, -1.12051380e+000,
    -2.06423491e-001, 4.06312227e+000, -1.29400027e+000, 5.34073412e-001,
    1.47080402e+001, 6.77901363e+000, -6.49214602e+000, 1.05551977e+001,
    5.73773861e+000, -6.70067263e+000, 1.02813549e+001, 7.79657602e+000,
    -4.01178312e+000, 6.86851788e+000, 5.90304708e+000, -2.74380803e+000,
    1.02747641e+001, 7.34400940e+000, -4.63403749e+000, 1.45703259e+001,
    9.44291115e+000, -2.67494559e+000, 1.06996536e+001, 6.61141443e+000,
    -5.86813116e+000, 1.44639425e+001, 5.05336189e+000, -8.53784657e+000,
    1.03451548e+001, 7.89351749e+000, -3.89468241e+000, 7.72431087e+000,
    8.17700863e+000, -1.05856657e+000, 1.43738232e+001, 7.65165138e+000,
    -2.87446952e+000, 1.17605953e+001, 3.95536447e+000, -9.04759407e+000,
    1.33961821e+001, 8.03836536e+000, -2.60735583e+000, 1.17749691e+001,
    4.39521694e+000, -8.27482414e+000, 1.19070024e+001, 5.49809408e+000,
    -6.81967640e+000, 5.10374546e+000, -2.31532514e-001, 3.15368533e+000,
    1.15729408e+001, 3.97925448e+000, -8.95890331e+000, 1.58646069e+001,
    1.10810232e+001, -6.13286161e+000, 1.15257120e+001, 3.61838055e+000,
    -1.01863794e+001, 1.17769098e+001, 3.57571149e+000, -1.12798920e+001,
    1.05238457e+001, 6.72551632e+000, -5.71520472e+000, 7.70070171e+000,
    7.26585436e+000, -2.69585419e+000, 7.31247234e+000, 1.72524619e+000,
    -5.43276119e+000, 1.08387117e+001, 5.66549444e+000, -6.77550888e+000,
    8.33865929e+000, 5.42847919e+000, -6.08628464e+000, 1.54780598e+001,
    1.07387209e+001, -4.76154327e+000, 1.15653143e+001, 5.31059980e+000,
