%YAML:1.0
refObjPoints: [ 6.09303188e+000, 4.71580172e+000, 6.11482770e-004,
    9.98369884e+000, 2.43085575e+000, -8.81954479e+000, 6.17123604e+000,
    1.94287062e+000, 4.51047063e-001, 1.64197578e+001, 1.45737810e+001,
    -1.23981514e+001, 5.87380075e+000, 1.68713439e+000, -7.69129321e-002,
    1.67930031e+001, 1.34287567e+001, -1.37507944e+001, 1.68039284e+001,
    1.41890039e+001, -1.48710585e+001, 5.35705280e+000, 8.07370365e-001,
    -1.77021337e+000, 7.52360535e+000, 3.25838995e+000, -6.13000441e+000,
    6.21473598e+000, 5.03066397e+000, -1.69832873e+000, 7.97838116e+000,
    1.94651961e+000, -6.45233107e+000, 1.66171474e+001, 1.24332447e+001,
    -1.17435341e+001, 6.01698780e+000, 4.50418711e+000, -1.49286628e+000,
    1.47262831e+001, 1.24186764e+001, -3.21130276e+000, 5.98715591e+000,
    2.02318716e+000, 1.57088056e-001, 5.79156542e+000, 3.24322551e-001,
    1.10293269e-001, 6.20501852e+000, 1.30238736e+000, 4.54733104e-001,
    1.57215300e+001, 1.25075607e+001, -6.24102640e+000, 1.66532230e+001,
    1.34379883e+001, -1.25873289e+001, 1.54738836e+001, 1.36967001e+001,
    -6.26988840e+000, 5.95931625e+000, 4.25151730e+000, -1.14748418e+000,
    5.58417463e+000, 5.98264813e-001, -4.47556823e-001, 9.36895657e+000,
    3.05751967e+000, -7.91848278e+000, 1.54279490e+001, 1.26172733e+001,
    -5.31167603e+000, 1.58958654e+001, 1.61280899e+001, -1.11491079e+001,
    1.68142624e+001, 1.24760828e+001, -1.28103380e+001, 1.61009045e+001,
    1.11097574e+001, -7.25515842e+000, 5.39285755e+000, 1.03434300e+000,
    -1.05689228e+000, 6.10273218e+000, 4.82808352e+000, -1.26405883e+000,
    7.39447737e+000, 2.59007096e+000, -5.92406750e+000, 7.12899923e+000,
    3.02861762e+000, -5.48487759e+000, 7.23240709e+000, 2.63639617e+000,
    -5.66524792e+000, 1.53428783e+001, 1.29749546e+001, -4.99339914e+000,
    6.10605955e+000, 4.85099030e+000, -1.13043463e+000, 8.25366116e+000,
    3.68844628e+000, -6.73233318e+000, 1.46725235e+001, 1.16018858e+001,
    -3.33012176e+000, 1.61706486e+001, 1.63513451e+001, -1.40226917e+001,
    6.07146549e+000, 4.67580509e+000, -1.04935908e+000, 6.14829397e+000,
    4.53036451e+000, -2.05987406e+000, 6.13418102e+000, 4.88966227e+000,
    -3.21902573e-001, 6.22034311e+000, 5.55485821e+000, -5.70078611e-001,
    6.93282270e+000, 2.91288042e+000, -5.15719414e+000, 6.35509920e+000,
    4.04965639e+000, -3.27396727e+000, 5.87372828e+000, 3.82480884e+000,
    -1.59446883e+000, 6.07925558e+000, 4.49330997e+000, -2.75798678e-001,
    6.17803001e+000, 4.38389111e+000, -2.28315020e+000, 6.35634518e+000,
    3.98049045e+000, -3.29125404e+000, 1.02281055e+001, 2.17375064e+000,
    -9.72111607e+000, 6.14206934e+000, 4.75867701e+000, 2.88389593e-001,
    6.64950943e+000, 5.83045816e+000, -2.38777876e+000, 6.35198307e+000,
    5.22926140e+000, -2.01235819e+000, 1.61812267e+001, 1.20826836e+001,
    -8.48936081e+000, 9.07180595e+000, 1.32362425e+000, -7.74027586e+000,
    6.17402411e+000, 5.11150312e+000, -1.10979486e+000, 6.37762260e+000,
    3.30397677e+000, -3.58755255e+000, 6.14874697e+000, 5.00988626e+000,
    -1.26595902e+000, 1.61018753e+001, 1.24596157e+001, -8.01012897e+000,
    6.32230282e+000, 5.51011896e+000, -1.69765389e+000, 1.60172634e+001,
    1.30244055e+001, -7.99218130e+000, 6.23657608e+000, 4.82450438e+000,
    -2.02473354e+000, 1.58707027e+001, 1.34858484e+001, -7.48970985e+000,
    1.62523251e+001, 1.12835064e+001, -8.60798359e+000, 5.91654921e+000,
    1.09767795e+000, 2.97270026e-002, 6.15464735e+000, 4.61346626e+000,
    3.32543075e-001, 1.68902359e+001, 9.16067505e+000, -1.33130407e+001,
    6.90068865e+000, 2.18757486e+000, -5.12902117e+000, 5.78319454e+000,
    1.98034990e+000, -5.02882957e-001, 6.14330530e+000, 5.83529472e-001,
    4.60631549e-001, 5.23356152e+000, 1.20671415e+000, -1.47959018e+000,
    1.69402199e+001, 1.26571589e+001, -1.41225243e+001, 6.25165176e+000,
    5.40842676e+000, -1.49147415e+000, 5.91561937e+000, 3.94851303e+000,
    -8.10878873e-001, 1.60685501e+001, 1.25672970e+001, -7.98060417e+000,
    6.52291059e+000, 6.60363078e-001, 9.76086259e-001, 6.49806738e+000,
    5.86888170e+000, -1.87958336e+000, 6.27738714e+000, 5.45272160e+000,
    -1.60012817e+000, 6.19076490e+000, 5.16227436e+000, -7.59139597e-001,
    1.63872967e+001, 1.27170706e+001, -1.08869267e+001, 5.84430456e+000,
    1.00342643e+000, -7.77786300e-002, 6.67809153e+000, 6.74583817e+000,
    -1.52523649e+000, 1.49601355e+001, 1.28547859e+001, -3.76545978e+000,
    6.04856014e+000, 3.39272833e+000, -2.41361785e+000, 6.64751959e+000,
    5.41463709e+000, -2.89943457e+000, 1.64674549e+001, 1.11471624e+001,
    -1.70704823e+001, 6.28761768e+000, 7.60332942e-001, -2.49021721e+000,
    6.88099098e+000, 5.72270060e+000, -3.11343479e+000, 6.05611706e+000,
    4.33368635e+000, -6.45634890e-001, 6.12402487e+000, 5.05492210e+000,
    -1.30292177e-001, 7.83872890e+000, -6.57135010e-001,
    -3.54406023e+000, 6.59360266e+000, 5.99039936e+000, -1.99056315e+000,
    6.84579515e+000, 3.19090462e+000, -4.95286274e+000, 6.07820654e+000,
    4.62017632e+000, -6.20828927e-001, 6.15795708e+000, 5.07216263e+000,
    -4.90937054e-001, 6.88814306e+000, 3.63738132e+000, -4.96453953e+000,
    6.95897245e+000, 2.76510048e+000, -5.26366520e+000, 6.43105459e+000,
    5.55351067e+000, -2.00886941e+000, 9.92138958e+000, 1.59302700e+000,
    -9.27801895e+000, 6.33508015e+000, 3.01832891e+000, -3.43835449e+000,
    6.59308195e+000, 1.63499653e+000, -3.23715496e+000, 5.99586868e+000,
    3.78194404e+000, -2.08345938e+000, 6.93504572e+000, 6.14124918e+000,
    -2.76313448e+000, 7.50670958e+000, 1.41577268e+000, -5.86871624e+000,
    5.57836199e+000, 1.31212246e+000, -7.93895125e-001, 6.82394791e+000,
    3.94218659e+000, -4.75392580e+000, 1.54392815e+001, 1.77872524e+001,
    -1.31436539e+001, 1.55689926e+001, 1.09335155e+001, -5.11571217e+000,
    8.75162315e+000, 5.29751778e-001, -7.61739016e+000, 6.90311766e+000,
    6.47784567e+000, -2.33872104e+000, 5.43217230e+000, 1.42153966e+000,
    -1.30051875e+000, 6.52483225e+000, 3.04452348e+000, -4.33243036e+000,
    1.62492447e+001, 1.09331331e+001, -8.61899948e+000, 6.66109467e+000,
    3.78369999e+000, -4.39797115e+000, 1.57010241e+001, 1.12847776e+001,
    -5.71368790e+000, 7.10371304e+000, 6.54289007e+000, -2.72346020e+000,
    6.47106743e+000, 3.48186398e+000, -3.92582250e+000, 5.99919653e+000,
    4.18880272e+000, -4.28491473e-001, 6.20789337e+000, 4.71310645e-001,
    5.96623480e-001, 6.38125324e+000, 5.05873561e-001, 8.06297541e-001,
    1.67447605e+001, 9.35861683e+000, -1.23695784e+001, 6.55815697e+000,
    4.36961126e+000, -3.69225788e+000, 6.34606266e+000, 5.91776848e+000,
    -1.05200720e+000, 6.13451862e+000, 3.48305058e+000, 6.53801620e-001,
    6.29592848e+000, 5.57709885e+000, -1.52377343e+000, 1.54957771e+001,
    1.19460392e+001, -5.01639271e+000, 6.56841278e+000, 5.17515182e+000,
    -2.87724519e+000, 1.57748690e+001, 6.32441950e+000, -1.61731186e+001,
    6.35083532e+000, 6.01641798e+000, -9.92516398e-001, 6.33384371e+000,
    5.26717949e+000, 1.57577503e+000, 1.58170242e+001, 9.79866123e+000,
    -6.02727747e+000, 1.05532722e+001, 2.40971446e+000, -1.06302938e+001,
    7.81351519e+000, 7.73284101e+000, -2.15321279e+000, 1.06061077e+001,
    3.17407680e+000, -9.30021858e+000, 7.32364178e+000, 4.93670082e+000,
    -4.99266958e+000, 6.75419378e+000, 1.75391829e+000, 1.33589172e+000,
    1.03861151e+001, 2.33083653e+000, -1.01989050e+001, 1.54832907e+001,
    1.68097076e+001, -1.02247486e+001, 1.06919994e+001, 1.12987053e+000,
    -1.29119949e+001, 1.13953094e+001, 3.18153709e-001, -1.66784458e+001,
    6.48776531e+000, 5.17762709e+000, -2.60742784e+000, 6.21661568e+000,
    4.55906010e+000, 7.10621059e-001, 5.54959345e+000, 1.27846944e+000,
    -1.85302603e+000, 6.71117258e+000, 4.45946503e+000, -4.00359821e+000,
    5.91115522e+000, 3.15900493e+000, -1.88271034e+000, 1.54427319e+001,
    1.50983505e+001, -7.74982405e+000, 7.21108818e+000, 4.54990625e+000,
