%YAML:1.0
refObjPoints: [ 6.26311541e-001, -1.76398110e+000, 4.41625929e+000,
    1.98989117e+000, -5.09488225e-001, 5.29654789e+000, 1.81296790e+000,
    -1.16494238e+000, 4.78599262e+000, 4.25946140e+000, 1.95576406e+000,
    6.56994057e+000, 3.46480680e+000, 7.05706120e-001, 5.33296251e+000,
    1.11243944e+001, 1.25555353e+001, 7.19563246e+000, 1.06520786e+001,
    1.04536486e+001, 6.52484608e+000, 6.38082123e+000, 3.23736072e+000,
    -3.45625329e+000, 6.75213099e+000, 3.14965343e+000, -4.67905760e+000,
    9.17236328e+000, 7.20262814e+000, -4.33605862e+000, 1.18726015e+001,
    9.24825764e+000, -2.35743642e+000, 1.03225136e+001, 7.23044872e+000,
    -4.83617640e+000, 7.82341480e+000, -1.72492898e+000,
    -5.02458048e+000, 1.35847330e+001, 8.72456074e+000, -2.41092014e+000,
    1.35847330e+001, 8.72456074e+000, -2.41092014e+000, 1.24079752e+001,
    7.02755117e+000, -3.66971612e+000, 7.52320910e+000, -2.43601727e+000,
    -7.53121519e+000, 7.48905945e+000, -2.56439495e+000,
    -7.85131884e+000, 1.22778816e+001, 6.57867146e+000, -4.76708651e+000,
    1.45646267e+001, 8.92814922e+000, -2.77106786e+000, 1.06546125e+001,
    5.70212698e+000, -6.72271347e+000, 1.50646410e+001, 9.02020550e+000,
    -3.30259657e+000, 1.49557581e+001, 8.48467350e+000, -3.43742323e+000,
    9.84946442e+000, 1.46657205e+000, -8.98141098e+000, 1.54939766e+001,
    8.56498051e+000, -6.19661522e+000, 1.59041262e+001, 8.34047508e+000,
    -8.65045261e+000, 1.59041262e+001, 8.34047508e+000, -8.65045261e+000,
    1.58360758e+001, 7.11821032e+000, -9.71445751e+000, 1.64292412e+001,
    1.04258137e+001, -1.01375074e+001, 1.64292412e+001, 1.04258137e+001,
    -1.01375074e+001, 5.76860714e+000, 1.51545787e+000, -1.83996964e+000,
    6.47536802e+000, 2.94684219e+000, -3.68789387e+000, 6.47536802e+000,
    2.94684219e+000, -3.68789387e+000, 1.03378038e+001, 7.68184233e+000,
    -4.18448973e+000, 1.03378038e+001, 7.68184233e+000, -4.18448973e+000,
    7.70239401e+000, -1.61555398e+000, -4.20379543e+000, 9.48228931e+000,
    6.35176611e+000, -5.94346857e+000, 1.45796776e+001, 8.41134548e+000,
    -2.88491893e+000, 1.61386795e+001, 9.42252445e+000, -8.88898087e+000,
    1.57126360e+001, 6.02082443e+000, -1.04164467e+001, 1.57126360e+001,
    6.02082443e+000, -1.04164467e+001, 1.57126360e+001, 6.02082443e+000,
    -1.04164467e+001, 1.22858295e+001, 3.55130720e+000, -1.34803343e+001,
    6.24340773e+000, 3.71406436e+000, -2.80516458e+000, 6.24340773e+000,
    3.71406436e+000, -2.80516458e+000, 6.98077393e+000, 2.18733430e+000,
    -5.08591366e+000, 6.98077393e+000, 2.18733430e+000, -5.08591366e+000,
    1.44702301e+001, 9.67455864e+000, -2.57567167e+000, 1.29295034e+001,
    6.48993540e+000, -4.19532919e+000, 1.45885534e+001, 8.36491108e+000,
    -2.89276433e+000, 1.58695755e+001, 9.37340355e+000, -7.01537371e+000,
    1.52711134e+001, 5.56620789e+000, -9.71740150e+000, 1.52711134e+001,
    5.56620789e+000, -9.71740150e+000, 6.23846865e+000, 3.23831892e+000,
    -2.91385412e+000, 7.53663588e+000, -2.18685532e+000,
    -6.38844681e+000, 7.53663588e+000, -2.18685532e+000,
    -6.38844681e+000, 1.62610950e+001, 9.53842735e+000, -9.63847923e+000,
    1.21719217e+001, 3.50692272e+000, -1.34665871e+001, 1.63282070e+001,
    1.16754475e+001, -9.30051136e+000, 1.63282070e+001, 1.16754475e+001,
    -9.30051136e+000, 1.03960285e+001, 6.39706087e+000, -6.10418415e+000,
    1.03960285e+001, 6.39706087e+000, -6.10418415e+000, 1.08713017e+001,
    2.62465930e+000, -1.15202579e+001, 1.06393385e+001, 1.79593992e+000,
    -1.22524414e+001, 1.10725927e+001, 2.63817477e+000, -1.29656000e+001,
    1.61006050e+001, 8.94101810e+000, -9.04461575e+000, 1.28595247e+001,
    3.75536728e+000, -1.24298878e+001, 1.21817770e+001, 3.49796987e+000,
    -1.34590988e+001, 6.61006546e+000, 2.81615925e+000, -4.38977003e+000,
    7.54020786e+000, -1.73253310e+000, -3.94862318e+000, 7.54020786e+000,
    -1.73253310e+000, -3.94862318e+000, 1.40551434e+001, 8.98281193e+000,
    -2.49493408e+000, 1.40551434e+001, 8.98281193e+000, -2.49493408e+000,
    1.38840389e+001, 4.11458874e+000, -1.23720503e+001, 9.81903839e+000,
    1.13448513e+000, -9.21080303e+000, 5.87461567e+000, 9.93129089e-002,
    3.24653530e+000, 1.22369223e+001, 9.15680313e+000, -2.36325192e+000,
    1.16597424e+001, 3.24311328e+000, -1.33013277e+001, 1.16597424e+001,
    3.24311328e+000, -1.33013277e+001, 8.77189445e+000, 7.77795696e+000,
    -3.15076113e+000, 8.77189445e+000, 7.77795696e+000, -3.15076113e+000 ]
