%YAML:1.0
refObjPoints: [ 7.13157606e+000, 6.91806746e+000, -2.25502443e+000,
    1.05600042e+001, 4.23102999e+000, -8.10592842e+000, 5.82652569e+000,
    2.95188117e+000, -1.43833768e+000, 1.58757849e+001, 1.22507601e+001,
    -6.71616650e+000, 6.02739143e+000, 2.47436547e+000, -2.26601315e+000,
    1.61363754e+001, 1.11817636e+001, -7.22923422e+000, 1.61846123e+001,
    1.14941330e+001, -7.85266590e+000, 7.79717493e+000, -1.00850560e-001,
    -3.95772672e+000, 1.00637140e+001, 4.66354465e+000, -7.58286238e+000,
    8.55951881e+000, 6.98988771e+000, -4.09905386e+000, 9.32971096e+000,
    3.69697428e+000, -7.67660904e+000, 1.58570356e+001, 1.08475132e+001,
    -6.12306499e+000, 7.94985867e+000, 6.42672586e+000, -4.13597488e+000,
    1.45821533e+001, 1.31323118e+001, -2.95097888e-001, 5.96995640e+000,
    3.05682492e+000, -1.97171843e+000, 5.34883833e+000, 3.27959836e-001,
    -1.94169402e+000, 5.68318796e+000, 1.90408731e+000, -1.26494265e+000,
    1.45512304e+001, 1.21110706e+001, -2.92211866e+000, 1.59723854e+001,
    1.14059410e+001, -6.65036058e+000, 1.47548285e+001, 1.31310120e+001,
    -3.08900118e+000, 7.53410530e+000, 6.18003511e+000, -3.83246922e+000,
    6.22559977e+000, 1.67909369e-001, -2.40640998e+000, 1.07157764e+001,
    4.58818245e+000, -7.78976154e+000, 1.44697638e+001, 1.24925632e+001,
    -2.26383376e+000, 1.55321236e+001, 1.36351280e+001, -6.35135269e+000,
    1.60055294e+001, 1.06759996e+001, -6.65919685e+000, 1.48721523e+001,
    1.07035351e+001, -3.32403755e+000, 7.45436049e+000, 9.93445367e-002,
    -2.85406208e+000, 8.11470890e+000, 6.82192087e+000, -3.71307158e+000,
    9.46258736e+000, 4.13641262e+000, -7.58121824e+000, 9.50075722e+000,
    4.51094866e+000, -7.36683750e+000, 9.37305641e+000, 4.15887833e+000,
    -7.47302389e+000, 1.45220680e+001, 1.29044533e+001, -2.02169228e+000,
    8.02152252e+000, 6.88113642e+000, -3.56716990e+000, 1.08784065e+001,
    4.93948126e+000, -7.48747110e+000, 1.44848785e+001, 1.23324509e+001,
    -3.58521491e-001, 1.60093727e+001, 1.31302090e+001, -7.78208017e+000,
    7.80790520e+000, 6.69443989e+000, -3.55162430e+000, 8.28163433e+000,
    6.40509272e+000, -4.71264553e+000, 7.43886614e+000, 7.09857130e+000,
    -2.63487196e+000, 8.27292633e+000, 7.83777475e+000, -2.59525585e+000,
    9.26478577e+000, 4.39809942e+000, -7.23188877e+000, 8.56541538e+000,
    5.79908800e+000, -5.94564629e+000, 7.47879362e+000, 5.64417028e+000,
    -4.49112940e+000, 7.14589214e+000, 6.60356998e+000, -2.67919636e+000,
    8.27276802e+000, 6.23204136e+000, -4.98223782e+000, 8.52805614e+000,
    5.72737741e+000, -5.97136784e+000, 1.08869905e+001, 3.96682477e+000,
    -8.51195908e+000, 7.01236916e+000, 7.00553465e+000, -1.81255984e+000,
    1.01295757e+001, 7.66452789e+000, -4.16524315e+000, 8.97109890e+000,
    7.15083027e+000, -4.29571486e+000, 1.52539034e+001, 1.12358074e+001,
    -4.21443224e+000, 9.52043438e+000, 3.40633202e+000, -7.98980999e+000,
    8.22093010e+000, 7.19734001e+000, -3.43790555e+000, 8.30651188e+000,
    5.00107098e+000, -6.29909754e+000, 8.26947880e+000, 7.03650331e+000,
    -3.63975573e+000, 1.51075516e+001, 1.16358795e+001, -3.96916103e+000,
    9.09088898e+000, 7.51610518e+000, -3.83381772e+000, 1.51114244e+001,
    1.20932217e+001, -4.04178238e+000, 8.53332996e+000, 6.72595453e+000,
    -4.53663063e+000, 1.50208340e+001, 1.25890493e+001, -3.79016948e+000,
    1.52933416e+001, 1.05730524e+001, -4.18861294e+000, 5.82933903e+000,
    1.49329448e+000, -1.96357143e+000, 6.87666559e+000, 6.83034182e+000,
    -1.79544783e+000, 1.54765587e+001, 8.28153038e+000, -6.88751984e+000,
    8.88974857e+000, 3.69535446e+000, -7.26776314e+000, 6.26705408e+000,
    3.02740312e+000, -3.03117299e+000, 5.19138288e+000, 1.03190923e+000,
    -1.47082782e+000, 7.09987736e+000, 1.11244547e+000, -4.09982204e+000,
    1.61529980e+001, 1.05807524e+001, -7.33926964e+000, 8.79048252e+000,
    7.45883942e+000, -3.71127105e+000, 7.15754747e+000, 5.83199835e+000,
    -3.48211527e+000, 1.50881939e+001, 1.17311039e+001, -3.97783375e+000,
    6.16008615e+000, -3.51198375e-001, 1.10516632e+000, 9.71631622e+000,
    7.85812950e+000, -3.73228598e+000, 8.93337917e+000, 7.48015404e+000,
    -3.78898811e+000, 7.98353910e+000, 7.34066391e+000, -3.03465962e+000,
    1.57451258e+001, 1.12377367e+001, -5.71675301e+000, 5.86063194e+000,
    1.31156790e+000, -2.12752151e+000, 1.08460913e+001, 8.97210598e+000,
    -2.59912157e+000, 1.45510769e+001, 1.32773142e+001, -9.08636332e-001,
    7.67649460e+000, 5.13881969e+000, -5.35182238e+000, 9.89797115e+000,
    7.13165236e+000, -4.91412592e+000, 1.61327457e+001, 9.25101280e+000,
    -9.05169010e+000, 7.09647942e+000, 1.74905062e+000, -5.11101675e+000,
    1.06799173e+001, 7.32921839e+000, -4.74431229e+000, 7.26948881e+000,
    6.35849094e+000, -3.18464947e+000, 7.48111296e+000, 7.32062817e+000,
    -2.30757308e+000, 7.45236826e+000, 7.57584333e-001, -5.27263069e+000,
    1.00125322e+001, 7.95110607e+000, -3.70611429e+000, 9.28495598e+000,
    4.68071556e+000, -7.10517025e+000, 7.42283583e+000, 6.72318697e+000,
    -3.10415006e+000, 7.73050594e+000, 7.27990961e+000, -2.74985361e+000,
    9.61098671e+000, 5.08575773e+000, -7.03401709e+000, 9.23176861e+000,
    4.25977850e+000, -7.31509495e+000, 9.37951946e+000, 7.48941231e+000,
    -4.08621740e+000, 1.03140154e+001, 3.62631655e+000, -8.45996857e+000,
    8.03747082e+000, 4.73209620e+000, -6.22567272e+000, 7.42371655e+000,
    3.28267169e+000, -5.91901970e+000, 7.72115993e+000, 5.58305836e+000,
    -4.98398256e+000, 1.11149616e+001, 7.83497572e+000, -4.09238100e+000,
    9.00522709e+000, 3.02489400e+000, -7.49054956e+000, 6.64600182e+000,
    1.47631299e+000, -3.05118680e+000, 9.71060944e+000, 5.38766241e+000,
    -6.85881138e+000, 1.57150593e+001, 1.43373451e+001, -7.73385763e+000,
    1.39979191e+001, 1.10623293e+001, -2.04563403e+000, 9.43680668e+000,
    2.52468348e+000, -8.04590988e+000, 1.12013206e+001, 8.35659218e+000,
    -3.50836849e+000, 6.54042721e+000, 2.09934402e+000, -4.17916632e+000,
    8.75807858e+000, 4.59743929e+000, -6.82305574e+000, 1.52798557e+001,
    1.02920837e+001, -4.17183495e+000, 9.30198956e+000, 5.30617523e+000,
    -6.70477915e+000, 1.43188581e+001, 1.12169600e+001, -2.42722940e+000,
    1.37094440e+001, 7.92685556e+000, -2.69640040e+000, 8.66344261e+000,
    5.12728405e+000, -6.50452089e+000, 7.05592775e+000, 6.18990278e+000,
    -2.94889164e+000, 5.33980656e+000, 4.99774069e-001, -8.85772884e-001,
    5.74616051e+000, -7.09678754e-002, 1.72582120e-001, 1.54969721e+001,
    8.52069569e+000, -6.38367748e+000, 9.13936329e+000, 6.03970718e+000,
    -6.12066031e+000, 9.10986042e+000, 8.13902664e+000, -2.87427688e+000,
    6.25484085e+000, 5.22058010e+000, -1.26663232e+000, 9.05229568e+000,
    7.62847281e+000, -3.61655426e+000, 1.42558517e+001, 1.19715271e+001,
    -1.98302388e+000, 9.51908588e+000, 6.92105341e+000, -5.07087898e+000,
    1.53045139e+001, 6.15945768e+000, -8.92319107e+000, 9.21060562e+000,
    8.26873970e+000, -2.72851539e+000, 7.05845261e+000, 7.73738670e+000,
    9.36941028e-001, 1.42974024e+001, 9.87280273e+000, -2.48459077e+000,
    1.14838200e+001, 4.03100538e+000, -8.83708096e+000, 1.32334194e+001,
    9.86389065e+000, -1.83048773e+000, 1.15264359e+001, 4.58857584e+000,
    -7.94592905e+000, 1.12877684e+001, 6.09319782e+000, -6.38637495e+000,
    7.03675890e+000, 9.53207731e-001, 2.58691382e+000, 1.11848040e+001,
    4.03927422e+000, -8.69493580e+000, 1.52239532e+001, 1.43676081e+001,
    -6.07221985e+000, 1.11453199e+001, 3.39653277e+000, -1.00704651e+001,
    1.13146448e+001, 3.23856020e+000, -1.14181786e+001, 9.30711365e+000,
    6.98572826e+000, -4.86360407e+000, 6.65508604e+000, 6.79282284e+000,
    -1.21032178e+000, 6.76661348e+000, 2.08818483e+000, -4.84407139e+000,
    9.50165749e+000, 6.04942799e+000, -6.25188923e+000, 7.26801395e+000,
    4.86410379e+000, -4.87152195e+000, 1.50404634e+001, 1.38378162e+001,
    -4.31264162e+000, 1.06853352e+001, 5.81481600e+000, -6.67249012e+000,
