%YAML:1.0
refObjPoints: [ 1.59111195e+001, 1.13517838e+001, -6.36640549e+000,
    7.69414616e+000, 7.26303291e+000, -2.69707227e+000, 1.02953911e+001,
    3.33703923e+000, -8.63592434e+000, 5.72447014e+000, 2.16112280e+000,
    -1.42193019e+000, 1.56935120e+001, 8.98617840e+000, -6.63732624e+000,
    1.61764469e+001, 1.17694645e+001, -8.19081783e+000, 1.50677223e+001,
    1.09513454e+001, -3.82111073e+000, 5.62713909e+000, -3.18254662e+000,
    -6.26571941e+000, 1.51282301e+001, 5.12847948e+000, -1.06749783e+001,
    5.85206366e+000, 1.17528093e+000, -2.13469219e+000, 1.55181332e+001,
    8.18830967e+000, -7.23496294e+000, 1.60327435e+001, 1.01467791e+001,
    -6.88774204e+000, 1.57085857e+001, 8.51346207e+000, -7.68937206e+000,
    6.47797155e+000, -2.45711875e+000, -4.61436129e+000, 4.65451145e+000,
    -7.01554179e-001, -2.16352272e+000, 9.94018173e+000, 4.01397896e+000,
    -7.99309731e+000, 8.89695644e+000, 7.03365135e+000, -4.42504835e+000,
    9.50736809e+000, 2.33385539e+000, -8.15356255e+000, 2.69721293e+000,
    -1.99977016e+000, 1.57888234e+000, 1.59145660e+001, 9.27568626e+000,
    -7.48828936e+000, 3.90314054e+000, -1.34103608e+000,
    -2.42313218e+000, 1.51895618e+001, 7.82037640e+000, -6.37830830e+000,
    8.33860207e+000, 6.61135817e+000, -4.38595390e+000, 1.36404686e+001,
    9.65219975e+000, -2.10881782e+000, 1.97073138e+000, -2.32089877e+000,
    1.02904165e+000, 1.61671505e+001, 1.13336086e+001, -7.39145422e+000,
    1.62081566e+001, 8.24385452e+000, -9.96092033e+000, 4.38552809e+000,
    -3.10777235e+000, -5.24269199e+000, 5.94069767e+000, 2.18656540e+000,
    -1.90330732e+000, 1.60822048e+001, 9.10018730e+000, -8.72354698e+000,
    1.60075550e+001, 7.88117790e+000, -9.47305489e+000, 1.60477810e+001,
    7.78192139e+000, -9.88152981e+000, 4.65504885e+000, -2.77094817e+000,
    -4.74519110e+000, 1.62809868e+001, 1.14134388e+001, -8.53273964e+000,
    1.62190762e+001, 9.03873634e+000, -9.64726162e+000, 1.62361851e+001,
    8.75508785e+000, -9.98573494e+000, 6.04689455e+000, -3.07507086e+000,
    -6.50571156e+000, 1.60344505e+001, 9.25437641e+000, -8.15233421e+000,
    5.54679441e+000, -2.92545366e+000, -5.47943258e+000, 1.60838337e+001,
    7.50245523e+000, -1.01849070e+001, 6.03138304e+000, -3.12504792e+000,
    -6.62500095e+000, 8.32945883e-001, -2.77253532e+000, 3.91795248e-001,
    1.50377102e+001, 9.01243687e+000, -3.28603649e+000, 4.14959574e+000,
    -1.11937153e+000, -1.99315977e+000, 1.62319679e+001, 1.13192577e+001,
    -8.08565331e+000, 5.24266481e+000, 5.72026610e-001, -1.16120291e+000,
    1.62657681e+001, 1.10547171e+001, -8.45233822e+000, 1.49325323e+001,
    8.45137596e+000, -3.44562483e+000, 1.54771910e+001, 8.29638100e+000,
    -6.72188044e+000, 6.02113152e+000, -2.99077892e+000,
    -6.18136072e+000, 1.47509184e+001, 4.78814697e+000, -1.03090343e+001,
    1.51696367e+001, 9.31781006e+000, -3.54346347e+000, 6.27674246e+000,
    -2.59009814e+000, -5.10113096e+000, 1.57257223e+001, 8.87967968e+000,
    -7.18919659e+000, 3.79155612e+000, -1.52603531e+000,
    -2.88524842e+000, 1.62189140e+001, 1.12851982e+001, -7.98903799e+000,
    7.95224619e+000, 6.43002415e+000, -4.06690741e+000, 1.61754074e+001,
    9.51066208e+000, -9.04313850e+000, 3.97688961e+000, -1.18627107e+000,
    -1.90145743e+000, 1.51410313e+001, 5.12359047e+000, -1.11726389e+001,
    1.59450521e+001, 1.06568851e+001, -6.44707632e+000, 4.89805651e+000,
    -1.22271299e+000, -2.79673576e+000, 7.27394700e-001,
    -2.89280963e+000, 5.66604212e-002, 1.03365860e+001, 3.89406776e+000,
    -8.27895069e+000, 4.20712852e+000, -1.28635585e+000,
    -2.78902578e+000, 1.54159193e+001, 5.46195173e+000, -1.15145693e+001,
    1.47738152e+001, 8.77222157e+000, -2.95618176e+000, 3.53667712e+000,
    -1.63647091e+000, -2.41353083e+000, 1.59612064e+001, 8.51795673e+000,
    -8.80235004e+000, 1.58717823e+001, 1.01081038e+001, -6.11474085e+000,
    1.52601881e+001, 7.73197174e+000, -6.84317160e+000, 1.46369200e+001,
    7.36802626e+000, -4.02267694e+000, 5.90286303e+000, 5.63496351e-001,
    3.48545551e+000, 5.12892103e+000, -3.37022448e+000, -6.42097616e+000,
    1.59568558e+001, 8.04853821e+000, -9.11913300e+000, 6.61937380e+000,
    -2.05606389e+000, -3.44571996e+000, 4.79134607e+000,
    -3.14965916e+000, -5.62615824e+000, 5.40880919e+000,
    -1.88926488e-001, -2.14480233e+000, 1.60216179e+001, 8.29428196e+000,
    -9.07494736e+000, 1.57464972e+001, 8.26171684e+000, -8.12311649e+000,
    6.20842218e+000, -2.14152718e+000, -3.36716938e+000, 5.50161552e+000,
    -3.40956569e+000, -6.82230997e+000, 5.76221657e+000,
    -1.58972216e+000, -2.85019016e+000, 8.50538158e+000, 6.96558285e+000,
    -4.04570675e+000, 9.53442097e+000, 3.20765901e+000, -8.00275993e+000,
    1.61065350e+001, 1.00489931e+001, -7.56244087e+000, 9.51378250e+000,
    3.86758518e+000, -7.73856306e+000, 9.41306496e+000, 3.32987690e+000,
    -7.88294554e+000, 1.47208643e+001, 4.72655010e+000, -1.10531111e+001,
    1.46798344e+001, 9.16543293e+000, -2.83130264e+000, 1.58688688e+001,
    9.70190811e+000, -6.24160957e+000, 8.46124458e+000, 7.01514626e+000,
    -3.89287543e+000, 1.61942654e+001, 1.08756313e+001, -7.50318718e+000,
    1.61492424e+001, 1.17925062e+001, -7.73472691e+000, 1.58791571e+001,
    7.22585917e+000, -9.71994114e+000, 1.04319592e+001, 4.33865023e+000,
    -7.95248270e+000, 1.45278511e+001, 4.62480021e+000, -1.01560001e+001,
    1.62798748e+001, 9.76150608e+000, -9.44155502e+000, 4.82304192e+000,
    -6.65786028e-001, -1.52098700e-001, 1.32960453e+001, 9.20455360e+000,
    -2.26689196e+000, 1.60869808e+001, 1.09221153e+001, -6.95430422e+000,
    1.60627689e+001, 9.84263325e+000, -7.37078238e+000, 5.84662867e+000,
    2.87193394e+000, -9.05507743e-001, 4.96515083e+000, 4.03186202e-001,
    -1.43914354e+000, 4.93559265e+000, -2.64637637e+000,
    -4.55917978e+000, 1.62493038e+001, 1.04514456e+001, -8.70913219e+000,
    6.21465349e+000, -2.38175154e+000, -4.12687445e+000, 8.27053452e+000,
    6.86778021e+000, -3.84545946e+000, 8.63371468e+000, 6.52266502e+000,
    -4.92911911e+000, 1.61815109e+001, 1.05025063e+001, -7.75623798e+000,
    1.55725746e+001, 7.75468445e+000, -8.13799763e+000, 1.78457975e+000,
    -2.47332501e+000, 4.49653506e-001, 1.49105635e+001, 8.14462185e+000,
    -3.83692098e+000, 8.01834488e+000, 7.34544182e+000, -3.02569652e+000,
    6.41516685e+000, 4.61930722e-001, -2.50386977e+000, 8.77736664e+000,
    7.81789446e+000, -3.12253928e+000, 8.65302086e+000, 7.58747482e+000,
    -3.36510801e+000, 1.50723715e+001, 9.73833942e+000, -3.23016381e+000,
    9.30467415e+000, 3.75303674e+000, -7.59372807e+000, 1.49108810e+001,
    1.07828236e+001, -3.46545553e+000, 8.82058048e+000, 5.83735895e+000,
    -6.11782122e+000, 9.96869087e+000, 2.32730174e+000, -8.76297760e+000,
    1.48801956e+001, 1.08386660e+001, -3.40572119e+000, 1.52120075e+001,
    1.12248182e+001, -4.20020628e+000, 7.81861401e+000, 5.89524937e+000,
    -4.66465950e+000, 7.64432669e+000, 6.98115969e+000, -3.05537534e+000,
    8.61595726e+000, 6.34695673e+000, -5.17254066e+000, 8.77641487e+000,
    5.76910353e+000, -6.14482594e+000, 1.47112045e+001, 4.71608496e+000,
    -1.11971807e+001, 1.04794817e+001, 3.01332092e+000, -9.12402153e+000,
    1.57857199e+001, 1.12780151e+001, -5.88031769e+000, 9.70843983e+000,
    7.19678307e+000, -4.68437433e+000, 7.58059168e+000, 7.37900305e+000,
    -2.34505153e+000, 1.00681152e+001, 7.28091526e+000, -4.69976950e+000,
    9.26130772e+000, 7.06063700e+000, -4.63018179e+000, 1.54020185e+001,
    8.42935944e+000, -6.03775263e+000, 1.59982224e+001, 1.12743578e+001,
    -6.85282660e+000, 5.68772078e+000, -2.35454902e-001, 2.67212927e-001,
    9.12860107e+000, 3.65177703e+000, -7.44477844e+000, 1.49922209e+001,
    7.87454748e+000, -4.72070217e+000, 9.67024422e+000, 1.80498707e+000,
    -8.56821060e+000, 5.34470987e+000, -2.55138159e+000,
    -4.41835070e+000, 4.20860815e+000, -1.02958357e+000,
    -9.40552711e-001, 5.45312262e+000, -2.79907227e-001, 8.65152702e-002,
