%YAML:1.0
refObjPoints: [ 8.78313828e+000, 7.28839636e+000, -3.89568114e+000,
    1.13673697e+001, 3.85453176e+000, -8.99714088e+000, 6.14693308e+000,
    3.35002041e+000, -2.57760572e+000, 1.59219437e+001, 9.30854988e+000,
    -7.51868916e+000, 6.33779716e+000, 2.52848840e+000, -3.18834043e+000,
    1.57895594e+001, 8.51464558e+000, -7.91411304e+000, 1.59218674e+001,
    8.77166271e+000, -8.40063000e+000, 7.45210123e+000, -1.82606435e+000,
    -4.13280153e+000, 1.12351542e+001, 4.13680601e+000, -8.46087170e+000,
    1.02446260e+001, 6.84447145e+000, -5.47056103e+000, 1.03838043e+001,
    3.40037584e+000, -8.66032410e+000, 1.54979792e+001, 8.27540588e+000,
    -7.06246567e+000, 9.55127430e+000, 6.59772635e+000, -5.61480045e+000,
    1.46211319e+001, 1.01663399e+001, -2.77503824e+000, 6.37746525e+000,
    3.59390521e+000, -3.28184485e+000, 4.74358463e+000, -5.44198871e-001,
    -2.14312339e+000, 5.65161228e+000, 1.53761303e+000, -1.70997059e+000,
    1.53165407e+001, 9.16187477e+000, -4.21578836e+000, 1.57229195e+001,
    8.68654156e+000, -7.47566462e+000, 1.54608841e+001, 1.00078583e+001,
    -4.57068157e+000, 9.08703423e+000, 6.51038456e+000, -5.36868620e+000,
    5.68502522e+000, -1.02682626e+000, -2.57672882e+000, 1.15542850e+001,
    4.11371946e+000, -8.66954517e+000, 1.52378464e+001, 9.48529243e+000,
    -3.73627758e+000, 1.61143379e+001, 1.03645010e+001, -7.23985100e+000,
    1.55322590e+001, 8.16692257e+000, -7.49448109e+000, 1.50638571e+001,
    8.05200958e+000, -4.58825731e+000, 6.99804974e+000, -1.53789198e+000,
    -2.91582251e+000, 9.75070381e+000, 6.88738060e+000, -5.19870663e+000,
    1.06483135e+001, 3.74263740e+000, -8.52305031e+000, 1.07598400e+001,
    4.10719013e+000, -8.31761360e+000, 1.05609589e+001, 3.80365324e+000,
    -8.43955994e+000, 1.52004309e+001, 9.84749222e+000, -3.67859721e+000,
    9.68283176e+000, 6.96192122e+000, -5.06125355e+000, 1.17505980e+001,
    4.35516214e+000, -8.35224915e+000, 1.45215034e+001, 9.53598309e+000,
    -2.64764404e+000, 1.61606331e+001, 1.00117512e+001, -8.39177322e+000,
    9.44249439e+000, 6.87691450e+000, -5.07527781e+000, 9.94570351e+000,
    6.39861536e+000, -6.05544472e+000, 9.18041039e+000, 7.31179142e+000,
    -4.18878508e+000, 1.00796137e+001, 7.67546940e+000, -4.09656191e+000,
    1.05091724e+001, 4.08326292e+000, -8.23258018e+000, 1.03698521e+001,
    5.43907690e+000, -6.95881891e+000, 8.95686245e+000, 6.04669952e+000,
    -6.00332165e+000, 8.74529171e+000, 7.00987053e+000, -4.30284834e+000,
    9.97162437e+000, 6.17396069e+000, -6.25035810e+000, 1.03166656e+001,
    5.38670921e+000, -6.99167633e+000, 1.14479256e+001, 3.72642350e+000,
    -9.40311432e+000, 8.62619209e+000, 7.43580484e+000, -3.52775645e+000,
    1.18317642e+001, 6.66839027e+000, -5.14840555e+000, 1.06857014e+001,
    6.79069328e+000, -5.55568027e+000, 1.53573122e+001, 8.48022652e+000,
    -5.41689730e+000, 1.04608345e+001, 3.10492492e+000, -8.95078754e+000,
    9.94823742e+000, 7.14369297e+000, -4.89050865e+000, 9.91711235e+000,
    4.78644800e+000, -7.36354446e+000, 9.94584274e+000, 7.00645399e+000,
    -5.09694004e+000, 1.54111700e+001, 8.78279495e+000, -5.19267273e+000 ]
