%YAML:1.0
refObjPoints: [ 7.26805305e+000, 7.30630541e+000, -1.89213455e+000,
    1.06103544e+001, 2.95381021e+000, -9.56751633e+000, 5.92368793e+000,
    3.75596189e+000, -1.66424978e+000, 1.60400925e+001, 9.59953403e+000,
    -7.65571213e+000, 6.06491041e+000, 2.93891668e+000, -2.40374041e+000,
    1.59506426e+001, 8.78683758e+000, -8.49479389e+000, 1.61265068e+001,
    9.20500469e+000, -8.99298000e+000, 7.60078096e+000, -1.93604958e+000,
    -5.54868269e+000, 1.03458023e+001, 3.46357179e+000, -8.60082150e+000,
    8.39470100e+000, 7.08711100e+000, -3.67393637e+000, 9.93662357e+000,
    1.86788082e+000, -9.01451015e+000, 1.55864344e+001, 8.30000782e+000,
    -7.51414156e+000, 7.89575768e+000, 6.68283653e+000, -3.58754849e+000,
    1.39016666e+001, 9.44429874e+000, -2.30432129e+000, 6.01021528e+000,
    3.79626894e+000, -2.04820442e+000, 5.66909266e+000, -4.53676641e-001,
    -2.36706781e+000, 5.86612701e+000, 2.35007620e+000, -1.69016778e+000,
    1.52072592e+001, 8.69540596e+000, -4.24067116e+000, 1.58612719e+001,
    8.86159229e+000, -7.86271620e+000, 1.53626785e+001, 9.57310390e+000,
    -4.17597389e+000, 7.45987701e+000, 6.62597704e+000, -3.24800611e+000,
    6.81646633e+000, -1.91718197e+000, -3.27145481e+000, 1.07568359e+001,
    3.39907217e+000, -9.09468174e+000, 1.51047287e+001, 8.89813232e+000,
    -3.64775729e+000, 1.60498180e+001, 1.07481689e+001, -6.81589031e+000,
    1.57362823e+001, 8.22663689e+000, -8.09664917e+000, 1.49182796e+001,
    7.68896055e+000, -4.98782110e+000, 7.59779072e+000, -1.72631145e+000,
    -4.30673552e+000, 7.93700743e+000, 7.10835934e+000, -3.25080895e+000,
    9.94917297e+000, 2.65877056e+000, -8.66004848e+000, 9.75267696e+000,
    3.46239448e+000, -8.12038708e+000, 9.82689095e+000, 2.75862050e+000,
    -8.45624352e+000, 1.50788574e+001, 9.19943237e+000, -3.40266252e+000,
    7.86147690e+000, 7.18690252e+000, -3.09819531e+000, 1.08590145e+001,
    3.85608673e+000, -8.64520454e+000, 1.38337793e+001, 8.87099171e+000,
    -2.46381736e+000, 1.62637920e+001, 1.06749945e+001, -8.33958626e+000,
    7.68601370e+000, 7.06474972e+000, -3.04341340e+000, 8.15614510e+000,
    6.60870600e+000, -4.16736984e+000, 7.52294827e+000, 7.39928913e+000,
    -2.20838499e+000, 8.12164974e+000, 7.89490271e+000, -2.36477041e+000,
    9.45377922e+000, 3.45114613e+000, -7.87060261e+000, 8.38087845e+000,
    5.92121267e+000, -5.49909210e+000, 7.44645023e+000, 6.02555466e+000,
    -3.85602689e+000, 7.23657990e+000, 7.05067253e+000, -2.22346401e+000,
    8.14915371e+000, 6.43646574e+000, -4.42469025e+000, 8.34049225e+000,
    5.85614443e+000, -5.52776957e+000, 1.06633482e+001, 2.77828622e+000,
    -1.02027016e+001, 7.16827536e+000, 7.41183329e+000, -1.57154095e+000,
    9.46452522e+000, 7.44991064e+000, -4.18150043e+000, 8.68218899e+000,
    7.18713140e+000, -3.94268680e+000, 1.52906790e+001, 8.24877739e+000,
    -5.66878891e+000, 1.00053930e+001, 1.49002194e+000, -9.60659027e+000,
    8.03722668e+000, 7.41653395e+000, -3.01963258e+000, 8.04352760e+000,
    5.14442492e+000, -5.96099138e+000, 8.07088661e+000, 7.26356745e+000,
    -3.21330476e+000, 1.53410397e+001, 8.51573086e+000, -5.33326054e+000 ]
