%YAML:1.0
refObjPoints: [ 6.26465750e+000, 5.77077532e+000, -5.12239814e-001,
    1.02340727e+001, 3.00978303e+000, -8.80524063e+000, 5.85258436e+000,
    2.77859259e+000, -2.08954185e-001, 1.62337418e+001, 1.25071611e+001,
    -9.16884518e+000, 5.81294441e+000, 2.41698360e+000, -8.38899851e-001,
    1.64815598e+001, 1.15380402e+001, -1.03182878e+001, 1.65510521e+001,
    1.21392937e+001, -1.10850887e+001, 7.82085419e+000, -5.92313349e-001,
    -3.62351394e+000, 8.57796478e+000, 3.96133757e+000, -6.93102503e+000,
    6.71010542e+000, 6.10245132e+000, -2.21984363e+000, 8.95592594e+000,
    2.38187242e+000, -7.41749334e+000, 1.62822762e+001, 1.07601414e+001,
    -8.89020538e+000, 6.48686886e+000, 5.57247972e+000, -2.09330511e+000,
    1.38515320e+001, 1.09530268e+001, -1.89051270e+000, 5.83634281e+000,
    2.84180951e+000, -5.42043090e-001, 5.49784851e+000, 8.27830434e-001,
    -7.44182348e-001, 5.84431505e+000, 2.01231790e+000, -2.40443289e-001,
    1.53740959e+001, 1.09333868e+001, -4.43364573e+000, 1.63650436e+001,
    1.15661850e+001, -9.42890072e+000, 1.52592039e+001, 1.19670305e+001,
    -4.38763046e+000, 6.29473782e+000, 5.32781124e+000, -1.75365126e+000,
    5.34988022e+000, 1.27632034e+000, -1.36374807e+000, 9.70804691e+000,
    3.72103357e+000, -7.98133802e+000, 1.49257555e+001, 1.10507889e+001,
    -3.63255835e+000, 1.59538021e+001, 1.38371525e+001, -8.10109329e+000,
    1.64046726e+001, 1.07610941e+001, -9.68399906e+000, 1.56408644e+001,
    9.69762611e+000, -5.37723446e+000, 5.89540958e+000, 1.34522808e+000,
    -2.15033436e+000, 6.48888969e+000, 5.91438818e+000, -1.80157161e+000,
    8.33663368e+000, 3.24851060e+000, -6.82734108e+000, 7.70392942e+000,
    3.95090842e+000, -6.13433647e+000, 7.95426750e+000, 3.42556119e+000,
    -6.45898819e+000, 1.47176065e+001, 1.13358841e+001, -3.31880164e+000,
    6.44919920e+000, 5.94175196e+000, -1.65815389e+000, 9.20180607e+000,
    4.35563755e+000, -7.25275803e+000, 1.37839212e+001, 1.02995195e+001,
    -2.05315113e+000, 1.62039070e+001, 1.39334898e+001, -1.02568521e+001,
    6.37279892e+000, 5.76879406e+000, -1.59226704e+000, 6.65100861e+000,
    5.60079527e+000, -2.65040779e+000, 6.34313440e+000, 5.95944214e+000,
    -8.23726416e-001, 6.56470966e+000, 6.62214470e+000, -1.01993990e+000,
    7.47085524e+000, 3.85609674e+000, -5.85039616e+000, 6.94563961e+000,
    5.08377552e+000, -3.92259741e+000, 6.32415390e+000, 4.86097097e+000,
    -2.29114223e+000, 6.24742460e+000, 5.55462742e+000, -8.11699808e-001,
    6.67750454e+000, 5.45091152e+000, -2.88704252e+000, 6.92681074e+000,
    5.01570606e+000, -3.94266224e+000, 1.04599876e+001, 2.75959253e+000,
    -9.62594604e+000, 6.23186588e+000, 5.81001711e+000, -2.08946809e-001,
    7.31742525e+000, 6.83805037e+000, -2.79143429e+000, 6.90773439e+000,
    6.28442001e+000, -2.50451398e+000, 1.59301376e+001, 1.05288086e+001,
    -6.35187721e+000, 9.46533012e+000, 1.85066223e+000, -8.25899982e+000,
    6.51771736e+000, 6.20114231e+000, -1.60366774e+000, 6.77849293e+000,
    4.35178137e+000, -4.27111197e+000, 6.53993130e+000, 6.09667063e+000,
    -1.77988625e+000, 1.58142385e+001, 1.08454008e+001, -5.90405178e+000,
    6.88810253e+000, 6.56722498e+000, -2.16638041e+000, 1.57360563e+001,
    1.13224773e+001, -5.83152199e+000, 6.74536180e+000, 5.89386463e+000,
    -2.56903410e+000, 1.56134043e+001, 1.17224531e+001, -5.38243198e+000,
    1.59179821e+001, 9.84369087e+000, -6.51549578e+000, 5.75063896e+000,
    1.72139716e+000, -7.58947015e-001, 6.21135283e+000, 5.65783215e+000,
    -1.71139315e-001, 1.62454700e+001, 8.02501488e+000, -1.04737244e+001,
    7.38939142e+000, 3.05328393e+000, -5.94697857e+000, 5.79909563e+000,
    2.80772400e+000, -1.28941572e+000, 5.76665401e+000, 1.11787713e+000,
    -2.88565636e-001, 7.86869669e+000, -1.14822663e-001,
    -3.23159790e+000, 1.65952053e+001, 1.09030828e+001, -1.07072716e+001,
    6.74509430e+000, 6.48193932e+000, -1.96781683e+000, 6.15646553e+000,
    5.00895262e+000, -1.43256462e+000, 1.57676935e+001, 1.09381065e+001,
    -5.86523485e+000, 6.12602997e+000, 1.07119918e+000, 3.33919048e-001,
    7.12542725e+000, 6.89604235e+000, -2.29711223e+000, 6.82349348e+000,
    6.51659346e+000, -2.07757473e+000, 6.46526527e+000, 6.24620438e+000,
    -1.23887646e+000, 1.62488880e+001, 1.10472994e+001, -8.25942421e+000,
    5.69777489e+000, 1.61479688e+000, -8.95558119e-001, 7.59468079e+000,
    7.70068932e+000, -1.88049638e+000, 1.42495861e+001, 1.12888288e+001,
    -2.32087851e+000, 6.41588020e+000, 4.43836784e+000, -3.13089347e+000,
    7.37679338e+000, 6.41987228e+000, -3.36380076e+000, 1.69897442e+001,
    9.88305283e+000, -1.38028898e+001, 7.29840136e+000, 6.32958412e-001,
    -3.80329275e+000, 7.79095650e+000, 6.66103554e+000, -3.55782294e+000,
    6.24770927e+000, 5.40679884e+000, -1.20515144e+000, 6.33556557e+000,
    6.12453794e+000, -6.19252384e-001, 7.91644955e+000, -6.08846545e-001,
    -4.54985046e+000, 7.26584959e+000, 6.99598885e+000, -2.39041710e+000,
    7.40076256e+000, 4.16394377e+000, -5.62100458e+000, 6.30378485e+000,
    5.69971657e+000, -1.15589869e+000, 6.38924885e+000, 6.15317488e+000,
    -9.78268445e-001, 7.51298809e+000, 4.62146139e+000, -5.57768345e+000,
    7.49745893e+000, 3.69211960e+000, -5.97865963e+000, 7.03231955e+000,
    6.59607697e+000, -2.46339965e+000, 1.01300421e+001, 2.18694925e+000,
    -9.37674999e+000, 6.62661743e+000, 4.07809639e+000, -4.13302612e+000,
    6.45353842e+000, 2.65181780e+000, -3.95312762e+000, 6.44154739e+000,
    4.82840109e+000, -2.77592707e+000, 7.78572464e+000, 7.07691002e+000,
    -3.13280368e+000, 8.62497425e+000, 1.68595386e+000, -7.12218857e+000,
    5.75075388e+000, 1.92155123e+000, -1.72677994e+000, 7.53513098e+000,
    4.92300463e+000, -5.37123299e+000, 1.59562702e+001, 1.52532015e+001,
    -9.62181854e+000, 1.52120533e+001, 9.62547588e+000, -3.63698125e+000,
    9.30042553e+000, 8.92662346e-001, -8.47526264e+000, 7.78728247e+000,
    7.40741777e+000, -2.68593025e+000, 6.12028790e+000, 1.76216960e+000,
    -2.41120291e+000, 7.02391720e+000, 4.04633665e+000, -5.06576061e+000,
    1.58386021e+001, 9.54584599e+000, -6.54208183e+000, 7.31195831e+000,
    4.78230047e+000, -5.04917574e+000, 1.53095226e+001, 9.90572643e+000,
    -4.09978390e+000, 8.06455135e+000, 7.43216562e+000, -3.05104375e+000,
    6.95783424e+000, 4.52050161e+000, -4.59450769e+000, 6.21726418e+000,
    5.23293352e+000, -1.00580513e+000, 5.82200241e+000, 9.42467213e-001,
    -1.37498304e-001, 5.97857141e+000, 9.31982458e-001, 1.18973292e-001,
    1.60927639e+001, 8.19767094e+000, -9.69130611e+000, 7.22084188e+000,
    5.39245605e+000, -4.28245449e+000, 6.83565378e+000, 6.96557570e+000,
    -1.46867704e+000, 6.09532976e+000, 4.41466665e+000, 9.47597250e-002,
    6.84669876e+000, 6.63736010e+000, -1.98686385e+000, 1.49640331e+001,
    1.04792957e+001, -3.43336058e+000, 7.28448963e+000, 6.18715239e+000,
    -3.38109493e+000, 1.54428024e+001, 5.89580059e+000, -1.34572649e+001,
    6.87187433e+000, 7.05767393e+000, -1.40374100e+000, 6.37792635e+000,
    6.22920847e+000, 1.16015804e+000, 1.52110977e+001, 8.60749149e+000,
    -4.46004295e+000, 1.08315134e+001, 2.97996116e+000, -1.03739710e+001,
    9.00887680e+000, 8.42703056e+000, -2.30923271e+000, 1.09655418e+001,
    3.62401152e+000, -9.09064102e+000, 8.15859127e+000, 5.84896278e+000,
    -5.41604042e+000, 6.38107824e+000, 2.33063030e+000, 8.04606497e-001,
    1.06557245e+001, 2.90856504e+000, -1.00233135e+001, 1.55245037e+001,
    1.44102077e+001, -7.29615259e+000, 1.06615152e+001, 1.95242441e+000,
    -1.23596869e+001, 1.11263275e+001, 1.39534688e+000, -1.53503227e+001,
    7.13289356e+000, 6.21075344e+000, -3.10425925e+000, 6.21375990e+000,
    5.57470417e+000, 2.19405025e-001, 7.32133389e+000, 7.66711652e-001,
    -3.37223482e+000, 7.40401506e+000, 5.46509027e+000, -4.56256866e+000,
    6.19693613e+000, 4.19050598e+000, -2.62304282e+000, 1.54020700e+001,
    1.31158781e+001, -5.50522804e+000, 7.96506596e+000, 5.49254608e+000,
