%YAML:1.0
refObjPoints: [ 6.14400530e+000, 5.23270369e+000, 1.78188607e-002,
    1.04100981e+001, 2.70668221e+000, -9.62631416e+000, 6.05115604e+000,
    1.91834354e+000, 2.67376453e-001, 1.63230762e+001, 1.29802008e+001,
    -1.05203981e+001, 5.80517578e+000, 1.64068770e+000, -3.96171689e-001,
    1.66805344e+001, 1.19924631e+001, -1.18326321e+001, 1.67713814e+001,
    1.26650038e+001, -1.27124596e+001, 7.86047554e+000, -1.01756608e+000,
    -3.67526960e+000, 9.46907806e+000, 3.26611376e+000, -8.01277256e+000,
    6.45862150e+000, 5.66056681e+000, -1.90745556e+000, 9.45154190e+000,
    1.78244722e+000, -8.24735069e+000, 1.65059261e+001, 1.11299191e+001,
    -1.02591057e+001, 6.24475813e+000, 5.07310867e+000, -1.75065947e+000,
    1.43386097e+001, 1.11821470e+001, -2.54243064e+000, 5.88397026e+000,
    2.05161572e+000, -7.18424171e-002, 5.42017174e+000, 5.93953729e-002,
    -2.72900045e-001, 6.04204798e+000, 1.13596666e+000, 2.08615094e-001,
    1.56689320e+001, 1.12073116e+001, -5.40815973e+000, 1.65416145e+001,
    1.19948511e+001, -1.08410683e+001, 1.55100355e+001, 1.23013506e+001,
    -5.32378054e+000, 6.09218168e+000, 4.78314400e+000, -1.36494899e+000,
    5.25653934e+000, 4.52734262e-001, -9.15257215e-001, 1.05886183e+001,
    3.16455173e+000, -9.22234821e+000, 1.53391333e+001, 1.13269930e+001,
    -4.53580952e+000, 1.60611801e+001, 1.44007683e+001, -9.36956310e+000,
    1.66786461e+001, 1.11582918e+001, -1.11597853e+001, 1.58954897e+001,
    9.92718124e+000, -6.43317938e+000, 5.27299118e+000, 9.55422282e-001,
    -1.65242028e+000, 6.25278187e+000, 5.43469810e+000, -1.42218602e+000,
    9.34955597e+000, 2.40387130e+000, -7.94842625e+000, 8.56684494e+000,
    3.13049150e+000, -7.05136299e+000, 9.12971497e+000, 2.47361469e+000,
    -7.62760735e+000, 1.51775961e+001, 1.16321793e+001, -4.18359232e+000,
    6.24492598e+000, 5.45279646e+000, -1.26591098e+000, 1.07015905e+001,
    3.62111568e+000, -8.81222343e+000, 1.44759130e+001, 1.05065546e+001,
    -2.77377129e+000, 1.63195591e+001, 1.45769587e+001, -1.17716322e+001,
    6.21510839e+000, 5.24945116e+000, -1.19914341e+000, 6.41995573e+000,
    5.11731339e+000, -2.39504361e+000, 6.19056416e+000, 5.44961882e+000,
    -3.29977542e-001, 6.34904480e+000, 6.19383097e+000, -5.48798800e-001,
    7.91286850e+000, 3.14026356e+000, -6.43898535e+000, 6.70898438e+000,
    4.60402346e+000, -3.84315944e+000, 6.06812429e+000, 4.30991888e+000,
    -1.95612586e+000, 6.14647484e+000, 4.99461794e+000, -3.25006425e-001,
    6.44979715e+000, 4.96045017e+000, -2.66483426e+000, 6.69141674e+000,
    4.53006315e+000, -3.86433983e+000, 1.05634594e+001, 2.49866676e+000,
    -1.04751244e+001, 6.19429064e+000, 5.25193357e+000, 3.49834412e-001,
    7.04511976e+000, 6.50453138e+000, -2.59513617e+000, 6.63280773e+000,
    5.87793159e+000, -2.23650479e+000, 1.61786213e+001, 1.08251286e+001,
    -7.50213337e+000, 9.77687931e+000, 1.38385999e+000, -9.05309105e+000,
    6.30815554e+000, 5.73807907e+000, -1.20704150e+000, 6.63541222e+000,
    3.78553867e+000, -4.26404619e+000, 6.29702091e+000, 5.63540363e+000,
    -1.39905941e+000, 1.60842209e+001, 1.11506271e+001, -7.02107954e+000 ]
