%YAML:1.0
refObjPoints: [ 8.68483829e+000, 6.48889351e+000, -5.01957369e+000,
    1.11718578e+001, 3.77249360e+000, -8.96145439e+000, 6.20093203e+000,
    2.31086230e+000, -2.68920875e+000, 1.53756504e+001, 7.90543175e+000,
    -7.09780502e+000, 6.47312689e+000, 9.73924935e-001, -2.61243844e+000,
    1.52037363e+001, 7.24034548e+000, -7.46684599e+000, 1.53666639e+001,
    7.39430046e+000, -7.86966991e+000, 7.49267483e+000, -1.81894374e+000,
    -4.18945789e+000, 1.10259657e+001, 3.99797940e+000, -8.56700039e+000,
    1.00235624e+001, 6.13520479e+000, -6.29319191e+000, 1.04081268e+001,
    3.35733652e+000, -8.73380661e+000, 1.49047289e+001, 7.11683083e+000,
    -6.73923922e+000, 9.51398563e+000, 5.84766054e+000, -6.40347576e+000,
    1.41539631e+001, 9.07684898e+000, -2.52306867e+000, 6.54751348e+000,
    3.11567402e+000, -4.11948395e+000, 4.74747562e+000, -9.27817941e-001,
    -2.52428079e+000, 5.51938343e+000, 7.77584255e-001, -1.86801016e+000,
    1.48824596e+001, 8.04485512e+000, -3.83579493e+000, 1.51443815e+001,
    7.41286850e+000, -7.08659506e+000, 1.51843643e+001, 8.70784092e+000,
    -4.07100487e+000, 9.09572411e+000, 5.80362701e+000, -6.27594757e+000,
    5.65950060e+000, -1.39236844e+000, -2.75309205e+000, 1.12759409e+001,
    4.00530863e+000, -8.71490860e+000, 1.48700428e+001, 8.35495281e+000,
    -3.27661800e+000, 1.56373043e+001, 8.78583336e+000, -6.81312275e+000,
    1.49666367e+001, 6.98222208e+000, -7.10272646e+000, 1.45426989e+001,
    7.07322931e+000, -4.30279398e+000, 6.88934374e+000, -1.70845091e+000,
    -2.97751784e+000, 9.58352661e+000, 6.18924713e+000, -6.15111780e+000,
    1.06041002e+001, 3.62714148e+000, -8.61619663e+000, 1.06879492e+001,
    3.89197516e+000, -8.44478703e+000, 1.05446606e+001, 3.64442492e+000,
    -8.54152870e+000, 1.49017124e+001, 8.66259003e+000, -3.16359162e+000,
    9.50918770e+000, 6.26286936e+000, -6.05806351e+000, 1.14094343e+001,
    4.19567251e+000, -8.45067978e+000, 1.39122381e+001, 8.57156086e+000,
    -2.55624533e+000, 1.56973391e+001, 8.36741257e+000, -7.82676315e+000,
    9.32616997e+000, 6.17084169e+000, -6.07028866e+000, 9.90333080e+000,
    5.63859129e+000, -6.67475796e+000, 9.03066254e+000, 6.53537226e+000,
    -5.29612970e+000, 9.74152470e+000, 6.89586973e+000, -5.17271948e+000,
    1.04959183e+001, 3.84733295e+000, -8.38462925e+000, 1.02870531e+001,
    4.91861248e+000, -7.41230249e+000, 9.12445831e+000, 5.25917721e+000,
    -6.64109802e+000, 8.69326401e+000, 6.25575066e+000, -5.40965080e+000,
    9.93887424e+000, 5.45684624e+000, -6.83369827e+000, 1.02494497e+001,
    4.87124825e+000, -7.43921137e+000, 1.12698584e+001, 3.66255236e+000,
    -9.26000214e+000, 8.52480507e+000, 6.59391165e+000, -4.64432049e+000,
    1.10754023e+001, 6.30192661e+000, -6.14861679e+000, 1.03695755e+001,
    6.12783194e+000, -6.34481573e+000, 1.47968702e+001, 7.40006399e+000,
    -5.16137695e+000, 1.04842834e+001, 3.14514065e+000, -8.94955349e+000,
    9.69203186e+000, 6.44719267e+000, -5.92103100e+000, 9.97317410e+000,
    4.35899401e+000, -7.74103498e+000, 9.71979809e+000, 6.31273174e+000,
    -6.07150507e+000, 1.48932858e+001, 7.65949821e+000, -4.89986181e+000,
    1.03885460e+001, 6.44271135e+000, -6.06425190e+000, 1.50361986e+001,
    7.94783401e+000, -4.94703007e+000, 1.00834208e+001, 5.85952854e+000,
    -6.53797817e+000, 1.51476078e+001, 8.28286457e+000, -4.70899630e+000,
    1.46002913e+001, 6.98642111e+000, -5.17309999e+000, 5.71719551e+000,
    -1.06980681e-001, -2.17646790e+000, 8.37847042e+000, 6.48983192e+000,
    -4.63724995e+000, 1.42641335e+001, 5.59295273e+000, -7.28641748e+000,
    1.00967207e+001, 3.36306620e+000, -8.46450901e+000, 7.08189678e+000,
    3.23406553e+000, -5.30242109e+000, 4.71244240e+000, -2.86088169e-001,
    -1.89387476e+000, 7.57992887e+000, -1.57490563e+000,
    -3.64023995e+000, 1.50834970e+001, 6.88092184e+000, -7.53765249e+000,
    1.01721649e+001, 6.47788429e+000, -6.02191734e+000, 8.64835548e+000,
    5.68685055e+000, -6.11436272e+000, 1.49278765e+001, 7.71822882e+000,
    -4.89176846e+000, 3.98455381e+000, -1.35160172e+000, 6.49830461e-001,
    1.07885475e+001, 6.57111931e+000, -5.92838240e+000, 1.02811546e+001,
    6.45231009e+000, -6.05115604e+000, 9.51841640e+000, 6.59348011e+000,
    -5.58779049e+000, 1.49528017e+001, 7.36303759e+000, -6.43020678e+000,
    5.72620106e+000, -3.49128574e-001, -2.31337953e+000, 1.15500803e+001,
    7.06474066e+000, -4.74896717e+000, 1.44977703e+001, 9.07809258e+000,
    -2.70730114e+000, 9.36900711e+000, 4.66915131e+000, -7.14998055e+000,
    1.10519409e+001, 5.84864712e+000, -6.60938549e+000, 1.51048746e+001,
    5.99112511e+000, -8.57740116e+000, 7.95677662e+000, 1.14565849e+000,
    -6.31157112e+000, 1.14098759e+001, 5.91768408e+000, -6.47217226e+000,
    8.80973339e+000, 6.05360270e+000, -5.84804630e+000, 9.04053307e+000,
    6.70913410e+000, -5.02783442e+000, 8.09487343e+000, -1.31369829e+000,
    -5.35393858e+000, 1.09656906e+001, 6.57489491e+000, -5.86914682e+000,
    1.05610533e+001, 4.05286312e+000, -8.28533268e+000, 9.01554108e+000,
    6.25392962e+000, -5.70322895e+000, 9.28971195e+000, 6.60246611e+000,
    -5.36100721e+000, 1.08532648e+001, 4.27466583e+000, -8.15701103e+000,
    1.04644051e+001, 3.73461461e+000, -8.44268036e+000, 1.06136465e+001,
    6.33094740e+000, -6.18376017e+000, 1.09120054e+001, 3.46694732e+000,
    -9.30425453e+000, 9.71878529e+000, 4.18705559e+000, -7.71569777e+000,
    8.88053513e+000, 2.85719728e+000, -7.33065319e+000, 9.41382122e+000,
    5.07248735e+000, -6.91293383e+000, 1.15575399e+001, 6.27897882e+000,
    -6.04503679e+000, 1.00104876e+001, 2.84965110e+000, -8.61614609e+000,
    6.90367413e+000, -9.33026373e-001, -2.66337371e+000, 1.09675655e+001,
    4.46150541e+000, -7.99142599e+000, 1.59143381e+001, 9.11434746e+000,
    -7.80047464e+000, 1.43241377e+001, 7.42031765e+000, -2.94632077e+000,
    1.01714611e+001, 2.56547427e+000, -9.03669262e+000, 1.16893206e+001,
    6.57698870e+000, -5.50072956e+000, 7.36493301e+000, 1.65726411e+000,
    -5.62625694e+000, 1.01998625e+001, 4.03933764e+000, -8.13052845e+000,
    1.45008821e+001, 6.81923723e+000, -5.17984295e+000, 1.07121782e+001,
    4.43421984e+000, -7.90969706e+000, 1.45569983e+001, 7.45272636e+000,
    -3.29000378e+000, 1.20116196e+001, 6.37852478e+000, -5.52099657e+000,
    1.02627468e+001, 4.39851522e+000, -7.85088968e+000, 8.57529068e+000,
    5.95772743e+000, -5.64361429e+000, 4.40561342e+000, -5.52034855e-001,
    -1.51688910e+000, 4.06902647e+000, -1.24913228e+000,
    -1.95044488e-001, 1.42142849e+001, 5.77613020e+000, -6.97804737e+000,
    1.07502937e+001, 4.95246840e+000, -7.41998291e+000, 1.03502350e+001,
    6.93536806e+000, -5.34091377e+000, 7.27597189e+000, 5.42038155e+000,
    -4.24763346e+000, 1.03405657e+001, 6.55167532e+000, -5.92158365e+000,
    1.46082602e+001, 8.04834652e+000, -3.01015997e+000, 1.08599854e+001,
    5.72126961e+000, -6.72617292e+000, 1.38046064e+001, 4.46176195e+000,
    -8.79281425e+000, 1.04119148e+001, 7.00998545e+000, -5.21127033e+000,
    7.96406412e+000, 7.47133064e+000, -2.76453948e+000, 1.38921890e+001,
    6.67105961e+000, -3.69789720e+000, 1.15294952e+001, 3.77890468e+000,
    -9.46518517e+000, 1.34207172e+001, 6.81338644e+000, -2.99584913e+000,
    1.15909233e+001, 4.04353428e+000, -8.79318333e+000, 1.17464104e+001,
    4.87741470e+000, -7.54145765e+000, 4.73523045e+000, -5.11495173e-001,
    2.90186167e+000, 1.14314241e+001, 3.72512770e+000, -9.36444855e+000,
    1.57901211e+001, 9.28329849e+000, -6.55999756e+000, 1.13972168e+001,
    3.48535347e+000, -1.03768892e+001, 1.15932598e+001, 3.49948120e+000,
    -1.12472029e+001, 1.06997862e+001, 5.83799410e+000, -6.62432194e+000,
    8.06984997e+000, 6.51877213e+000, -4.11292553e+000, 7.75802279e+000,
    1.50082028e+000, -6.12721348e+000, 1.09742413e+001, 4.90426779e+000,
    -7.47671986e+000, 8.88182163e+000, 4.59970903e+000, -6.87612295e+000,
    1.55132761e+001, 9.06736183e+000, -5.15721178e+000, 1.14860544e+001,
