%YAML:1.0
refObjPoints: [ 8.32803059e+000, 6.75673676e+000, -4.10587311e+000,
    1.13228493e+001, 3.73156619e+000, -9.17490578e+000, 5.92773867e+000,
    1.44639254e+000, -2.07168531e+000, 1.57956724e+001, 9.15636921e+000,
    -7.02795267e+000, 6.27445269e+000, 7.84696937e-002, -2.41197419e+000,
    1.56485415e+001, 8.41425800e+000, -7.52824497e+000, 1.58099108e+001,
    8.67030716e+000, -7.96822453e+000, 7.20846939e+000, -2.17204332e+000,
    -5.12722445e+000, 1.11365519e+001, 3.99722600e+000, -8.64639759e+000,
    9.77994251e+000, 6.58612967e+000, -5.70639563e+000, 1.04028854e+001,
    3.12704349e+000, -8.87948227e+000, 1.53846531e+001, 8.11510658e+000,
    -6.68687010e+000, 9.16452789e+000, 6.26491165e+000, -5.84318256e+000,
    1.40798655e+001, 9.87618923e+000, -2.35643792e+000, 6.30432510e+000,
    1.35717928e+000, -2.48099995e+000, 4.38908052e+000, -1.29868662e+000,
    -3.04087353e+000, 5.26991653e+000, 1.45632118e-001, -1.88653517e+000,
    1.51247692e+001, 8.88218975e+000, -3.67267919e+000, 1.56065855e+001,
    8.54303741e+000, -7.05582619e+000, 1.53113241e+001, 9.70754337e+000,
    -3.91093373e+000, 8.71483612e+000, 6.13007450e+000, -5.61838102e+000,
    5.36777353e+000, -1.94924891e+000, -3.33661318e+000, 1.14664869e+001,
    3.99886775e+000, -8.84081841e+000, 1.50182056e+001, 9.18307209e+000,
    -3.14458776e+000, 1.59744520e+001, 1.01728334e+001, -6.62491226e+000,
    1.54271097e+001, 8.02794838e+000, -7.13307667e+000, 1.48811951e+001,
    7.79352665e+000, -4.19713163e+000, 6.68570089e+000, -2.17227840e+000,
    -3.79995322e+000, 9.30435085e+000, 6.56283569e+000, -5.44032621e+000,
    1.06113071e+001, 3.52723289e+000, -8.73156071e+000, 1.07181778e+001,
    3.84621906e+000, -8.48296547e+000, 1.05350218e+001, 3.54990625e+000,
    -8.63579178e+000, 1.50028934e+001, 9.51815414e+000, -3.01739645e+000,
    9.22978783e+000, 6.62225389e+000, -5.30402040e+000, 1.16298065e+001,
    4.23757935e+000, -8.51283550e+000, 1.39099264e+001, 9.29993343e+000,
    -2.37589335e+000, 1.60858784e+001, 9.84474373e+000, -7.79362345e+000,
    9.01284313e+000, 6.51149797e+000, -5.31766224e+000, 9.59078503e+000,
    6.09630394e+000, -6.24759054e+000, 8.69029045e+000, 6.87934923e+000,
    -4.44854403e+000, 9.49849987e+000, 7.33221912e+000, -4.35870838e+000,
    1.04722157e+001, 3.79409647e+000, -8.40368557e+000, 1.01344309e+001,
    5.17138767e+000, -7.12656832e+000, 8.69029427e+000, 5.61962366e+000,
    -6.19563389e+000, 8.31994247e+000, 6.51434374e+000, -4.53663683e+000,
    9.65489769e+000, 5.86149359e+000, -6.42649937e+000, 1.00920076e+001,
    5.11027479e+000, -7.15838528e+000, 1.14075365e+001, 3.66126227e+000,
    -9.58345795e+000, 8.16469955e+000, 6.84397793e+000, -3.70423865e+000,
    1.10883570e+001, 6.74747038e+000, -5.58216047e+000, 1.01744232e+001,
    6.61303139e+000, -5.81877708e+000, 1.52058010e+001, 8.25360870e+000,
    -4.99133396e+000, 1.04630136e+001, 2.93255806e+000, -9.21250534e+000,
    9.44650364e+000, 6.83604002e+000, -5.14904356e+000, 9.78109837e+000,
    4.46019316e+000, -7.54195642e+000, 9.46606636e+000, 6.70649195e+000,
    -5.34904337e+000, 1.52505722e+001, 8.54607582e+000, -4.72624207e+000,
    1.02499752e+001, 6.89384842e+000, -5.40211296e+000, 1.53778419e+001,
    8.89535046e+000, -4.75193167e+000, 9.81048679e+000, 6.33879900e+000,
    -6.07171059e+000, 1.54055948e+001, 9.27987194e+000, -4.52365112e+000,
    1.49947634e+001, 7.77606153e+000, -5.06298685e+000, 5.47142553e+000,
    -7.22248733e-001, -2.43459725e+000, 8.00754166e+000, 6.70433998e+000,
    -3.68366146e+000, 1.47990656e+001, 6.28439093e+000, -7.45390749e+000,
    1.00369959e+001, 3.08396411e+000, -8.51016521e+000, 6.64919853e+000,
    2.51408911e+000, -4.53850460e+000, 4.41700840e+000, -9.50096965e-001,
    -2.09299970e+000, 7.36642075e+000, -1.98205757e+000,
    -4.50927544e+000, 1.55244980e+001, 7.99631071e+000, -7.66289663e+000,
    1.00124407e+001, 6.89872742e+000, -5.30054665e+000, 8.23370647e+000,
    5.90223551e+000, -5.36540556e+000, 1.52763872e+001, 8.61837101e+000,
    -4.71903896e+000, 4.02810526e+000, -1.21108460e+000,
    -6.30135596e-001, 1.07638540e+001, 7.00865984e+000, -5.23884392e+000,
    1.01300163e+001, 6.89032078e+000, -5.36426926e+000, 9.25035763e+000,
    6.97728825e+000, -4.76792908e+000, 1.54380054e+001, 8.35939312e+000,
    -6.30852127e+000, 5.47543335e+000, -1.01953185e+000,
    -2.58847237e+000, 1.16574640e+001, 7.52639008e+000, -4.06018019e+000,
    1.44218397e+001, 9.93053246e+000, -2.59142327e+000, 9.01756859e+000,
    4.87400198e+000, -6.81568241e+000, 1.10271397e+001, 6.29038286e+000,
    -6.19371843e+000, 1.56108551e+001, 7.06705809e+000, -8.99419880e+000,
    8.06454182e+000, -1.49963415e+000, -5.45588732e+000, 1.15289402e+001,
    6.30134296e+000, -6.01166773e+000, 8.44052982e+000, 6.30171490e+000,
    -5.01837444e+000, 8.70784092e+000, 7.06534958e+000, -4.16041088e+000,
    7.80749083e+000, -1.87027502e+000, -6.14805031e+000, 1.09876995e+001,
    7.00496817e+000, -5.18645000e+000, 1.05379610e+001, 4.06623793e+000,
    -8.26225281e+000, 8.66650581e+000, 6.56756687e+000, -4.89101028e+000,
    8.97418499e+000, 6.99018764e+000, -4.54991198e+000, 1.09004955e+001,
    4.34546471e+000, -8.10636139e+000, 1.04382324e+001, 3.64907289e+000,
    -8.48843479e+000, 1.05058413e+001, 6.79620266e+000, -5.58912373e+000,
    1.09723139e+001, 3.37822270e+000, -9.62252808e+000, 9.48495483e+000,
    4.22525120e+000, -7.50976515e+000, 8.66773605e+000, 2.22612667e+000,
    -7.09375811e+000, 9.03786373e+000, 5.39952183e+000, -6.52911377e+000,
    1.18513908e+001, 6.55532694e+000, -5.35708570e+000, 9.97109890e+000,
    2.37737131e+000, -8.76787472e+000, 6.79022694e+000, -1.84513819e+000,
    -3.03169084e+000, 1.10446043e+001, 4.56779528e+000, -7.89106798e+000,
    1.62040539e+001, 1.07466536e+001, -7.68444347e+000, 1.44937954e+001,
    8.08226204e+000, -2.90926218e+000, 1.01291056e+001, 2.10521483e+000,
    -9.37553978e+000, 1.20916939e+001, 6.79604864e+000, -4.65188503e+000,
    7.49794817e+000, -1.71794355e+000, -3.91295075e+000, 1.00802259e+001,
    4.05172729e+000, -8.05264473e+000, 1.48888206e+001, 7.58080959e+000,
    -5.08976078e+000, 1.07063246e+001, 4.55397081e+000, -7.78988647e+000,
    1.47934370e+001, 8.14464664e+000, -3.21520853e+000, 1.25724258e+001,
    6.50481701e+000, -4.67999935e+000, 1.01263599e+001, 4.53183126e+000,
    -7.69644308e+000, 8.16376877e+000, 6.20273495e+000, -4.84179211e+000,
    4.14508057e+000, -1.10359812e+000, -1.86540413e+000, 4.00107574e+000,
    -1.14423931e+000, -1.30584109e+000, 1.47481642e+001, 6.45490122e+000,
    -7.06282139e+000, 1.07076149e+001, 5.21844149e+000, -7.17820883e+000,
    1.02228022e+001, 7.39329052e+000, -4.55444193e+000, 6.83781910e+000,
    5.33455086e+000, -3.30623531e+000, 1.02073011e+001, 6.99225426e+000,
    -5.21169376e+000, 1.47642040e+001, 8.79338169e+000, -2.89977980e+000,
    1.07817574e+001, 6.15984726e+000, -6.33595276e+000, 1.45429373e+001,
    4.81528044e+000, -9.23252010e+000, 1.02824335e+001, 7.48650265e+000,
    -4.43846130e+000, 7.61509991e+000, 7.69994402e+000, -1.80949819e+000,
    1.43422270e+001, 7.12514734e+000, -3.43622661e+000, 1.17435694e+001,
    3.80809617e+000, -9.83188057e+000, 1.36567049e+001, 7.29115057e+000,
    -2.82326150e+000, 1.19023905e+001, 4.01475954e+000, -8.94803524e+000,
    1.20661421e+001, 5.02072954e+000, -7.35923290e+000, 5.03687000e+000,
    -9.12282646e-001, 1.81004441e+000, 1.15971632e+001, 3.76690936e+000,
    -9.72087383e+000, 1.59415855e+001, 1.07595997e+001, -6.38203192e+000,
    1.15428362e+001, 3.48999214e+000, -1.09935188e+001, 1.18365965e+001,
    3.46704030e+000, -1.21046419e+001, 1.05636177e+001, 6.31366873e+000,
    -6.21185112e+000, 7.64871931e+000, 6.78026390e+000, -3.26824045e+000,
    7.92357016e+000, -1.55901909e+000, -4.83987665e+000, 1.10061388e+001,
    5.14120293e+000, -7.25891447e+000, 8.44529724e+000, 4.78307438e+000,
    -6.49623346e+000, 1.55586948e+001, 1.03116379e+001, -5.02243423e+000,
