%YAML:1.0
virtualImagePoints: [ 138., 122., 89., 153., 178., 176., 141., 200. ]
