%YAML:1.0
virtualImagePoints: [ 136., 120., 77., 152., 178., 180., 136., 207. ]
