%YAML:1.0
virtualImagePoints: [ 137., 119., 68., 155., 147., 223., 185., 184. ]
