%YAML:1.0
virtualImagePoints: [ 142., 123., 88., 154., 179., 176., 143., 209. ]
