%YAML:1.0
virtualImagePoints: [ 131., 107., 51., 149., 202., 193., 120., 225. ]
