%YAML:1.0
virtualImagePoints: [ 135., 153., 60., 177., 154., 196., 177., 175. ]
