%YAML:1.0
virtualImagePoints: [ 142., 122., 87., 153., 140., 206., 179., 175. ]
