%YAML:1.0
virtualImagePoints: [ 144., 128., 88., 152., 140., 199., 177., 173. ]
