%YAML:1.0
virtualImagePoints: [ 142., 120., 74., 150., 144., 223., 178., 176. ]
