%YAML:1.0
virtualImagePoints: [ 133., 114., 66., 154., 188., 188., 140., 225. ]
