%YAML:1.0
virtualImagePoints: [ 260., 52., 260., 104., 260., 156., 260., 208.,
    260., 260., 208., 52., 208., 104., 208., 156., 208., 208., 208.,
    260., 156., 52., 156., 104., 156., 156., 156., 208., 156., 260.,
    104., 52., 104., 104., 104., 156., 104., 208., 104., 260., 52., 52.,
    52., 104., 52., 156., 52., 208., 52., 260. ]
