%YAML:1.0
virtualImagePoints: [ 139., 122., 87., 150., 140., 207., 175., 176. ]
