%YAML:1.0
virtualImagePoints: [ 140., 119., 83., 149., 137., 210., 179., 181. ]
