%YAML:1.0
virtualImagePoints: [ 126., 100., 29., 150., 129., 266., 201., 199. ]
