%YAML:1.0
virtualImagePoints: [ 125., 113., 91., 152., 141., 207., 179., 175. ]
