%YAML:1.0
virtualImagePoints: [ 144., 129., 103., 153., 147., 196., 174., 167. ]
