%YAML:1.0
virtualImagePoints: [ 142., 127., 93., 149., 136., 198., 176., 175. ]
