%YAML:1.0
virtualImagePoints: [ 52., 122., 112., 166., 188., 224., 276., 201.,
    258., 138., 211., 65., 120., 37., 283., 212., 262., 321., 161., 271. ]
