%YAML:1.0
virtualImagePoints: [ 139., 117., 91., 153., 142., 198., 179., 177. ]
