%YAML:1.0
objPoints: [ 6.44580889e+000, 4.37533331e+000, 3.84544468e+000,
    1.29951010e+001, 9.82972908e+000, 1.34897327e+000, 7.71322680e+000,
    -2.14047170e+000, -6.71654415e+000, 1.27997828e+001, 4.11763716e+000,
    -9.19703102e+000 ]
