%YAML:1.0
realImagePoints: [ 181., 49., 90., 138., 268., 156., 222., 226. ]
