%YAML:1.0
virtualImagePoints: [ 137., 122., 96., 152., 184., 175., 146., 204. ]
